0.6666
0.6639496612630442
200
0.2298024384373436
0.34714047883156407
0.3959930091227964
0.3920626954231356
0.5553962547127471
0.5584964164944421
0.5623652148013406
0.5986277916538776
0.6406043221442802
0.63444939200498
0.6352733207410403
0.6379900403156621
0.6450923440624625
0.6520375250412338
0.6517731102971295
0.655320778742823
0.6558276235851767
0.6569813935226865
0.6566309099911141
0.6305109736775623
0.6317827282217329
0.6393155257311351
0.6399610198788177
0.6447552680952597
0.6597384688528616
0.6642633377612492
0.6646922943157997
0.6647149644815458
0.6649207111444546
0.6646675526606866
0.6648680375441869
0.6648924695464764
0.6653364481009464
0.6653583807751863
0.6653637743916496
0.6653703821469568
0.6654043670030656
0.6655454530138404
0.6655574211722664
0.6655452197934066
0.6656028624201974
0.6656385406259651
0.6655173417558907
0.6654247268269466
0.6654227487473424
0.6657358169952927
0.6660731956622635
0.6661393647584447
0.6661682367443255
0.6661778129434182
0.6664252429173275
0.6664218992797644
0.6665820319596211
0.666571392807053
0.6665110980464469
0.6664107111205897
0.6663716665044277
0.6664101013998126
0.6663665598251193
0.6664107071846438
0.6664718584731113
0.6664721931600847
0.6665382223941076
0.6665401991656312
0.6663925542354632
0.6659843861604211
0.6662420849888993
0.666421222617455
0.6665305948321258
0.666524297761503
0.6665607185198417
0.6664695209041682
0.6664247459079694
0.6664819792506053
0.6665540293230661
0.6665985526536153
0.6665252686820177
0.6665258561047261
0.6664932122099382
0.6665251870121969
0.6665233936441205
0.6665319241712275
0.6665585227713566
0.6665506308121999
0.6666426308411055
0.6666378718883729
0.6666367193984384
0.6666342358629828
0.6666106615300977
0.6665996088765831
0.6666327349552179
0.666649606273921
0.6666413133134562
0.6666036062472208
0.6666126377238153
0.6666425196874735
0.6666530151923015
0.6663915835124895
0.6663975067322154
0.6664229302451855
0.6664256755845543
0.6664470532497904
0.6664315402025376
0.6663667347392545
0.6664129208976783
0.666452678907595
0.6664503377948996
0.6665707600075285
0.6665347874366687
0.6665902230350761
0.6665783486515613
0.6665845609463232
0.6665420890009321
0.6665308091119778
0.6665477706543084
0.6665345687203441
0.6665354494933422
0.6665400546937083
0.6665702950634727
0.666585922499238
0.6665926256861401
0.6666219689782832
0.666617492060543
0.6665694956135804
0.6665939316190717
0.6665886068891431
0.6666028086922784
0.666603056078459
0.6666355443161984
0.6666410791297999
0.6666240461777162
0.6665411462811363
0.6666132664036715
0.6665678637064282
0.6665731982385998
0.6666127905529018
0.6666051145358455
0.6665976904980333
0.6666136602294958
0.6666420735348055
0.666637475391436
0.6666396163976174
0.6666453837430427
0.6666479913921793
0.6664791419750522
0.6664828740275177
0.6665047763361877
0.6665536682057807
0.6665536022678918
0.66661517892455
0.6666227241748643
0.6665829308463178
0.6665854472755561
0.6665875944204815
0.6666450295449033
0.6666447166455243
0.6666311253701485
0.6666292581205179
0.6666389031185397
0.6666119648499779
0.6666155246687671
0.6666117791139473
0.6666109599210621
0.6666307809725123
0.6666229579249568
0.6666226457386223
0.6665958378377305
0.6666250394139894
0.6666531803603257
0.6665785817085937
0.6666227182396379
0.666623554211916
0.6666239369768795
0.6666306857439738
0.6666300137662909
0.6666270028345664
0.6666330324815786
0.6666236752088345
0.6666295215500893
0.6666373265273687
0.666637754659394
0.666635618243227
0.6666359220683821
0.6666290149160367
0.6666329830154385
0.6666329634393999
0.6666325401902401
0.6666286843681521
0.6666277017991351
0.6666211034285021
0.6666288820024011
0.666623223923966
0.6666230429378908
0.6666535526546487
0.6666657525600611
0.6666652473045321
0.6666641907672741
0.6666611014714183
0.6666484433843081
0.6666493596404219
200
0.26759318193776427
0.4690875546227707
0.46071871111296286
0.4101713047992907
0.3487823386136338
0.37269219973820256
0.4116708327471712
0.4079197835598277
0.42492004439590164
0.42784984682046445
0.44458287717757095
0.4812756805014537
0.4568895350785478
0.45428982524468897
0.35569083741043284
0.45002289650665145
0.4618294156955515
0.4494885191093388
0.4507274306794042
0.4710397433395308
0.4689582794023501
0.4689163491448618
0.4669297904204135
0.3126563198467638
0.334515557916808
0.34652607977450134
0.37469320466679906
0.38025314924028364
0.38884367384495405
0.47759136680094405
0.47537415502939284
0.4809818557630213
0.4940297899426817
0.44847778893175844
0.4558583288675643
0.5021912293813272
0.4992941770970155
0.49657786362860956
0.48583609061406474
0.5071298402004921
0.49511856522651054
0.4843416945660351
0.48798678325976885
0.4774608297295518
0.49292558042790835
0.49908422511389655
0.5090427345953032
0.49678590915544535
0.501674449893995
0.5081818860953242
0.5022456831272856
0.5007803077937998
0.5086023119092371
0.4857249625317253
0.5104947990174443
0.5024660982105025
0.5061190288597822
0.48471297851510686
0.48447243302649173
0.48316942721140294
0.4986814696928617
0.49388212477625726
0.5150399591045532
0.5158878974133393
0.4954854009317138
0.5117402301928698
0.4997269732841997
0.4961213840755407
0.5129303306992145
0.49822482594256695
0.5178003101138827
0.5247857917851094
0.5160248085719993
0.5129315243904015
0.48394026371006016
0.49100286675641736
0.49225623935417634
0.48697619717572116
0.4869637760979997
0.4836141062812582
0.5154191029624271
0.4940149860272489
0.4966434037634598
0.4963355748667223
0.49379620036893845
0.5209697885951191
0.5107195004296758
0.4961503300349592
0.5178364219549421
0.4988415480757748
0.49885666446347315
0.507773150251856
0.5158508928803823
0.5055747657280374
0.5045615865775139
0.5135865631197786
0.5117098474225001
0.507925494136277
0.5232928395917973
0.5103954919158358
0.5097051409627932
0.5082335329514739
0.5145907680672405
0.5073103552329321
0.4933843402562355
0.5206098563753323
0.5125738534901444
0.5038451665005333
0.5060809019597622
0.49949049514266697
0.5133167084720441
0.5110661444994659
0.5175609364716913
0.5204699263240324
0.5171234572860026
0.5118016427686647
0.5059530677580558
0.5160060993171219
0.5055231203735938
0.5107679485725503
0.4943283404516323
0.5138643590587125
0.5071153853220824
0.5203704738926098
0.5037441717485494
0.5047973615231863
0.5185463460783
0.521914662639653
0.4965996086295539
0.505287199567146
0.5182564828899291
0.5098441771691248
0.5016880993615878
0.5181127997076499
0.5003929094316307
0.5111620548129613
0.5209362363427281
0.5168525119171181
0.5200814082723675
0.520387541826066
0.5162034250825448
0.5203798190740558
0.5089602436822284
0.5058277355061441
0.5033997875279198
0.5036194644215676
0.5070568028130074
0.5154948152952569
0.5227418208942388
0.518019298263379
0.5144630723695435
0.5207732262972891
0.5116329432996595
0.5143250152969608
0.5140960883316886
0.5058651229076756
0.5183419329493284
0.5226868220421415
0.5129262298716996
0.5250689966024907
0.5146564091201222
0.5094531525610155
0.5183241618673399
0.5073377250442526
0.5062405847195145
0.5134905870148718
0.49363488918655446
0.5117481053958518
0.5233981396101298
0.5116012306026476
0.5128810580698975
0.49620092644053215
0.5119265701623057
0.5136763922037094
0.5255029334121739
0.5143121989657923
0.5109975005162839
0.5146274137288882
0.5114545602118794
0.511334849337894
0.5033579990697735
0.5166142142053267
0.5196703652952461
0.5048703296004501
0.5265020492054856
0.5064766422494084
0.5229542733930782
0.5162096127765744
0.5168152250121615
0.5199373418987029
0.5068703682399686
0.5279925924859444
0.5060556813216677
0.508682175323128
0.5269668998760826
0.5038925714556004
0.5203489517858411
0.4987320872989499
0.5168883967820194
0.5117872232194015