0.5008
0.49836395005558026
200
0.23117766482891416
0.23020301202029156
0.21299934140219154
0.2468917450431095
0.45150267923832027
0.4637009567060185
0.4509428990902551
0.4537697823587362
0.4781728160529729
0.4803274740550809
0.488537271156075
0.4996713072606951
0.4996786082626353
0.4997596848936414
0.4997544434657006
0.49976507628258804
0.4994379964559089
0.49989592421554974
0.49988320760229843
0.49949757495550917
0.49951511595597764
0.4995243696152582
0.49967360393764215
0.499635273167612
0.4996677253450093
0.4996701401192602
0.4996983955319982
0.4997862820739893
0.4998492955411519
0.4997699153684521
0.4997851515703062
0.4998002455361352
0.49981881006956363
0.4998267171287952
0.4998987989078254
0.4997129917589077
0.4998110501743107
0.49976854815092775
0.49982723848611627
0.4998287573258559
0.49986395238584164
0.4998618000889078
0.49994226438439915
0.49994759217565604
0.4999629302914535
0.4999714833678232
0.4999610571827816
0.4999623471477468
0.49992266560853854
0.4999332060673786
0.49992527694454214
0.4999308701582845
0.499771987706821
0.49978097511303776
0.49977707712204344
0.49984079521218017
0.4998297764915378
0.49982420325418103
0.4998637345865613
0.4998795088509407
0.4999196048139811
0.499918475856495
0.49990165147912347
0.4999574584344284
0.4999589497226113
0.4999421649592837
0.4999056287992163
0.49989629859146556
0.49991772947957747
0.49991657813302376
0.49992539615108744
0.4999283748352912
0.4999317353480558
0.4999077994830273
0.49990781948530394
0.4998990220660343
0.4999545560680605
0.49995691813133225
0.4999654057969053
0.49996118364494013
0.49996454501303644
0.4999655873911507
0.499965142997241
0.4999678333461387
0.4999653281197073
0.49991213283527547
0.49992346515902447
0.49992240210669503
0.4998933146494209
0.49989747449777067
0.49988093912396686
0.49989850752715914
0.499899176277502
0.4998576987650668
0.4998556957657344
0.4998427831649507
0.49986879665109707
0.49987678333554375
0.4998755344214679
0.4999180658184132
0.4999294560684435
0.49992024141298497
0.499931481919763
0.4999281744720861
0.499909268863977
0.4998938245498331
0.49989323301755806
0.4998951978162373
0.49990611952469943
0.4998783107643361
0.4998860488210076
0.49989961516418396
0.4998993760144552
0.4999138015642902
0.4999278527831228
0.4999351029216246
0.49994590187283783
0.49989615076888216
0.49989715496804754
0.499892856206325
0.4999331810044261
0.4999156025789494
0.4999289455497679
0.4999295097322204
0.49992890112886684
0.49992479449955873
0.49993207898109915
0.49992625049876505
0.4999214635245085
0.49992199534406145
0.49991578525725194
0.4999222932073562
0.49992461915913355
0.49992224389936657
0.4999242291831072
0.4999244560004233
0.4999348284873567
0.499964792123041
0.4999702896761295
0.49997367423541267
0.49997932221877295
0.4999781710697741
0.4999664073523399
0.4999631620452887
0.4999649764117655
0.4999608599459814
0.49996072024264426
0.49995954145880656
0.49995951743508765
0.49995346399013596
0.4999294224332964
0.49992710537273943
0.49992705234467727
0.4999172720207706
0.4999091833849347
0.4999374937109986
0.4999681059664863
0.49996471514648
0.4999684655547087
0.4999712690066124
0.4999830894698212
0.4999751542538587
0.49997596739077044
0.49996483619410415
0.49996376777196505
0.49995893379356154
0.49995441704921795
0.49996984857978477
0.4999674820575784
0.4999692583163604
0.499974432933545
0.49997771181059114
0.4999810459074653
0.49998611777446106
0.4999762403224358
0.49996804696122626
0.4999706044897583
0.499972845898019
0.49996389335958863
0.499920958575009
0.4999180184744198
0.4999292230837853
0.49993482358959695
0.4999092594766634
0.49990604766297564
0.49990070872934533
0.4999003461948298
0.49989659342448434
0.499896047241141
0.4999295419950726
0.4999626422702538
0.499954011093525
0.4999649345486213
0.49996581732160006
0.4999647459140275
0.49996325728797797
0.49995118898809604
0.49995316167342907
0.49995324750927783
0.4999561906981137
200
0.16849938145475188
0.2225015352792631
0.2254135025887069
0.32994165435677797
0.3322568560184792
0.3464125624754391
0.3674956845047448
0.3529040329651644
0.35126491172821095
0.3727228775871253
0.4084290911026137
0.4253661026101298
0.43174606010264377
0.4475837715310023
0.4398266862444794
0.43789721559323674
0.44234639653039054
0.455240140290404
0.44180740886111924
0.4292052299290766
0.4487256478584214
0.42736787519817304
0.45209166622677477
0.4342413645130415
0.4662306504760703
0.42363431681884245
0.45003861182277
0.45912379256298536
0.45423398940503973
0.4449325069976523
0.42366241581065356
0.4634944672016949
0.4379329985049606
0.44107688821114155
0.4245275147881375
0.446756325033168
0.43828321492802247
0.44414361075332165
0.43925393337159563
0.4530997688735407
0.46099114595691454
0.4317242860288255
0.4422651162657495
0.45803921612557164
0.43893693613743756
0.45075877887952576
0.46865589430846066
0.443464002439122
0.46312089766718245
0.45243567333400314
0.45064169555652395
0.45477249132535175
0.4505504300679488
0.4480770277367829
0.44283900546308735
0.44593423838045804
0.461050197316874
0.4381351069585029
0.4477630765410244
0.4508739387089835
0.43256610418747404
0.4295578795381606
0.4365215633809648
0.45205467089277884
0.43434270452398294
0.43917190962901403
0.4525352060634412
0.4387952020584158
0.44060867860269676
0.4213240237436076
0.4455241190423991
0.45859399040141924
0.461349556089674
0.46188708073101553
0.4362868258779197
0.4663430155775932
0.43258047910639463
0.420669390425017
0.4395521867869922
0.43397425530369493
0.46402469422985404
0.4419784934014615
0.45701610608902143
0.44520951930929
0.4630159860297037
0.4524888367908103
0.4182144603141702
0.42925325556738636
0.43513900455431953
0.4623585932856473
0.4425572058500321
0.4374659992872313
0.4553448622716521
0.43878527517590826
0.457128772539508
0.431502818361916
0.4446872966605814
0.44331504280293077
0.4634001905945582
0.4455443600865007
0.44700909700286146
0.44575395232969367
0.4548176102297252
0.469205348211544
0.45669564593313944
0.4562378905128387
0.43352737854348794
0.44103909660210683
0.44984126539358577
0.4480410878112636
0.4643452657061346
0.46296387563290575
0.4474586187815513
0.4400593663969733
0.45557537759733024
0.44255067555303806
0.4415819646369436
0.45549727628015924
0.4494064387609803
0.4627025637539361
0.4376070368118927
0.44981758405095645
0.4325836885246746
0.4368960173593016
0.46083670276307087
0.45136746539866907
0.41875499161724805
0.4629876565582906
0.4512156577066952
0.4447583900929145
0.45667497667332735
0.44196806850035175
0.45233579618916636
0.46649119959351515
0.44945811906996636
0.4459097472204689
0.4438928068126645
0.4510830743238875
0.42737628225251323
0.45217099668890537
0.4382173363230727
0.4606218946574204
0.4315524488876105
0.43583121611862136
0.4325594570105376
0.4624531134924671
0.45948272590868555
0.44209823157481737
0.4422353487015687
0.41442292721998564
0.44835778456060615
0.46685090880442
0.430067816159374
0.4329287791706223
0.44564280329870026
0.44679702784924213
0.44620648177760824
0.478974918239426
0.44540385603503807
0.46534975491387937
0.45221423770131647
0.44626969075736206
0.45009352478660114
0.4603169028406479
0.4490743247676373
0.44877684698487075
0.4509312170095913
0.4439385215262776
0.4532929250740727
0.46219881879242863
0.46096517291848005
0.43653203305214056
0.42370792035122473
0.44794351823662476
0.44716914641588495
0.4476764790803127
0.44561826050500636
0.44230457134689855
0.4388668178249548
0.43300106730931964
0.4452102361130372
0.41923009298493474
0.46196737743842786
0.43410969170765107
0.44865804572804086
0.42799340936792646
0.43844135174421106
0.4448205804860078
0.4472006377092387
0.4345555219637476
0.4526006377317422
0.44396602280242764
0.4641639798271145
0.4196715099058063
0.43479763523432063
0.43851633642331705
0.4250859366259308
0.4338319320873607
0.4547086597186807
0.41874289685915256