0.6667
0.6667
200
0.25055047031445754
0.23501140632866427
0.17023117216444375
0.2763414437539714
0.2763928018673551
0.28746170083077327
0.3510193790232326
0.3567954548111571
0.3716499504708112
0.3866996493366957
0.41330382104477753
0.4131121244994312
0.4978852481708804
0.5030034508664081
0.5111163820132367
0.531850503153666
0.5325152762841787
0.5537976948756476
0.5542773428799426
0.5536573371567868
0.5533152461716186
0.5549747347243192
0.6065799880292103
0.6063950724592149
0.6085574534742391
0.6109214914600136
0.611503693130486
0.6340990543126989
0.639166893117336
0.6397448032342172
0.6397897777273522
0.6410307204658476
0.6440534120840394
0.6462575327222433
0.6449293034683312
0.6605060124582537
0.6608934986835494
0.6609061673212351
0.6605221220841051
0.6611169389022082
0.6610611543840086
0.6610302846139724
0.661385652777155
0.6614190272033951
0.6638075905358379
0.6637479312756172
0.6646596465247357
0.6647718843559296
0.664819914658175
0.6649006270512083
0.6649746884923466
0.6650475470862796
0.6652618412846438
0.665307019288158
0.6653083747368252
0.6653120606358394
0.6654606948833968
0.6654601409886569
0.66537175958166
0.6653818790342645
0.6653170028247646
0.6652519018707048
0.6660131560689051
0.6659835891498296
0.66621821597333
0.6661759433914666
0.6662490456784368
0.6664043935108298
0.6664109881941138
0.6663919554772955
0.666394670888408
0.6663926924101545
0.6663348294565562
0.6663730352781603
0.6663766045759332
0.6662824811668516
0.6661187004555964
0.6663174300820351
0.6663230835075795
0.666269160896317
0.6662773138456674
0.6663524028313138
0.6663498100349974
0.666345545256785
0.6663676946326564
0.6662711975937224
0.6662116676813135
0.666210074903399
0.6662152119643304
0.6662069341981655
0.6663056512302542
0.6663254829778933
0.6663101592425089
0.6663208227865496
0.6663129933267742
0.6663128791107568
0.6662318878253268
0.6663554109478668
0.6663568649196746
0.6663662282104768
0.6663438111125033
0.6663065799537178
0.6663086802527699
0.6663732697284307
0.6664928971708536
0.666495582659963
0.6664977881926497
0.6664895584780082
0.6665770372218064
0.6665770024362276
0.66653665252954
0.6665359507415329
0.6665360751455581
0.6665053277789205
0.666502354824433
0.6664848867724719
0.6664514054223161
0.6664748399817257
0.6664799778851128
0.6664918361452038
0.6664708694130119
0.6664812159701838
0.6664550026269299
0.6664517433021229
0.6664595864700833
0.6665955816460439
0.6666023639293905
0.6665894390554405
0.66657837306697
0.6665429326362712
0.6665426845685095
0.6665561394282361
0.6665777227180171
0.6665868597493207
0.6665979280952905
0.6665998351203135
0.6666012746610241
0.6666370551579451
0.6666306015043632
0.666624755171552
0.6665969960729672
0.6665967644398343
0.6666419264983022
0.6666278693225862
0.6666210506184453
0.6666214545550639
0.6666454246766913
0.6666393376144325
0.6666437189686744
0.6666493254943254
0.6666524977893045
0.666656123485216
0.6666516867522202
0.6666539258266434
0.666653283475166
0.6666461945688299
0.6666437029406748
0.666624491482092
0.6666226632233097
0.666626578603816
0.6666104802243827
0.6666139305318297
0.6666150138500064
0.6666228257580797
0.6666271419768516
0.6666371874721292
0.6666441952540676
0.6666446507349548
0.6666260142019362
0.6666257652877816
0.6666279906848915
0.6666246200646508
0.6666311133294422
0.6666248275991611
0.6666267301510626
0.6665572452395947
0.6665763374040414
0.6665783029328268
0.666594676263331
0.6665767224742869
0.6665837331388822
0.6666015702797827
0.6665988746156574
0.6666136116848798
0.6666137034519243
0.6666173600199043
0.66662780145589
0.6666415020170976
0.6666370835226806
0.6666135956653764
0.6666151630151336
0.6666154952068499
0.6666141208587122
0.6666048974950128
0.6665929371842569
0.6666019110349303
0.6666018884364693
0.666602616313813
0.6666081015844576
0.6665923079792938
200
0.25055047031445754
0.23501140632866427
0.17023117216444375
0.2763414437539714
0.2763928018673551
0.28746170083077327
0.3510193790232326
0.3567954548111571
0.3716499504708112
0.3866996493366957
0.41330382104477753
0.4131121244994312
0.4978852481708804
0.5030034508664081
0.5111163820132367
0.531850503153666
0.5325152762841787
0.5537976948756476
0.5542773428799426
0.5536573371567868
0.5533152461716186
0.5549747347243192
0.6065799880292103
0.6063950724592149
0.6085574534742391
0.6109214914600136
0.611503693130486
0.6340990543126989
0.639166893117336
0.6397448032342172
0.6397897777273522
0.6410307204658476
0.6440534120840394
0.6462575327222433
0.6449293034683312
0.6605060124582537
0.6608934986835494
0.6609061673212351
0.6605221220841051
0.6611169389022082
0.6610611543840086
0.6610302846139724
0.661385652777155
0.6614190272033951
0.6638075905358379
0.6637479312756172
0.6646596465247357
0.6647718843559296
0.664819914658175
0.6649006270512083
0.6649746884923466
0.6650475470862796
0.6652618412846438
0.665307019288158
0.6653083747368252
0.6653120606358394
0.6654606948833968
0.6654601409886569
0.66537175958166
0.6653818790342645
0.6653170028247646
0.6652519018707048
0.6660131560689051
0.6659835891498296
0.66621821597333
0.6661759433914666
0.6662490456784368
0.6664043935108298
0.6664109881941138
0.6663919554772955
0.666394670888408
0.6663926924101545
0.6663348294565562
0.6663730352781603
0.6663766045759332
0.6662824811668516
0.6661187004555964
0.6663174300820351
0.6663230835075795
0.666269160896317
0.6662773138456674
0.6663524028313138
0.6663498100349974
0.666345545256785
0.6663676946326564
0.6662711975937224
0.6662116676813135
0.666210074903399
0.6662152119643304
0.6662069341981655
0.6663056512302542
0.6663254829778933
0.6663101592425089
0.6663208227865496
0.6663129933267742
0.6663128791107568
0.6662318878253268
0.6663554109478668
0.6663568649196746
0.6663662282104768
0.6663438111125033
0.6663065799537178
0.6663086802527699
0.6663732697284307
0.6664928971708536
0.666495582659963
0.6664977881926497
0.6664895584780082
0.6665770372218064
0.6665770024362276
0.66653665252954
0.6665359507415329
0.6665360751455581
0.6665053277789205
0.666502354824433
0.6664848867724719
0.6664514054223161
0.6664748399817257
0.6664799778851128
0.6664918361452038
0.6664708694130119
0.6664812159701838
0.6664550026269299
0.6664517433021229
0.6664595864700833
0.6665955816460439
0.6666023639293905
0.6665894390554405
0.66657837306697
0.6665429326362712
0.6665426845685095
0.6665561394282361
0.6665777227180171
0.6665868597493207
0.6665979280952905
0.6665998351203135
0.6666012746610241
0.6666370551579451
0.6666306015043632
0.666624755171552
0.6665969960729672
0.6665967644398343
0.6666419264983022
0.6666278693225862
0.6666210506184453
0.6666214545550639
0.6666454246766913
0.6666393376144325
0.6666437189686744
0.6666493254943254
0.6666524977893045
0.666656123485216
0.6666516867522202
0.6666539258266434
0.666653283475166
0.6666461945688299
0.6666437029406748
0.666624491482092
0.6666226632233097
0.666626578603816
0.6666104802243827
0.6666139305318297
0.6666150138500064
0.6666228257580797
0.6666271419768516
0.6666371874721292
0.6666441952540676
0.6666446507349548
0.6666260142019362
0.6666257652877816
0.6666279906848915
0.6666246200646508
0.6666311133294422
0.6666248275991611
0.6666267301510626
0.6665572452395947
0.6665763374040414
0.6665783029328268
0.666594676263331
0.6665767224742869
0.6665837331388822
0.6666015702797827
0.6665988746156574
0.6666136116848798
0.6666137034519243
0.6666173600199043
0.66662780145589
0.6666415020170976
0.6666370835226806
0.6666135956653764
0.6666151630151336
0.6666154952068499
0.6666141208587122
0.6666048974950128
0.6665929371842569
0.6666019110349303
0.6666018884364693
0.666602616313813
0.6666081015844576
0.6665923079792938