1.0
0.9906360050259999
200
0.4603190826205505
0.6843232610848556
0.6184835015611592
0.6187209255643034
0.7818760704670875
0.5033488581364338
0.5319505504071812
0.5338478356532352
0.839987348037713
0.8441911086899045
0.92916058283757
0.9254913906392324
0.9446110174675307
0.9438686081198112
0.9558039934788536
0.96226213762631
0.962423953954244
0.9906804550934403
0.9903000589573924
0.9906800662071469
0.9908818505229045
0.9943545600198459
0.995083999972393
0.9942995213871039
0.9945073918153736
0.9945430820561412
0.9990278441090803
0.99872378939142
0.9991210643347663
0.9994473916358416
0.9994463649182992
0.9995266305576426
0.996339807638615
0.9980756068859835
0.9991554764961104
0.9991488322283121
0.999428063612298
0.9995933794820002
0.9996120969900936
0.9995084177614579
0.9995081767157945
0.9994722903088021
0.9996532228683908
0.9996476699037808
0.999936034165298
0.9999072784833143
0.9979355714351712
0.9990511662685251
0.999102491430998
0.9993763817997835
0.9993608386819155
0.9997113106764945
0.9992582997756745
0.9996300973686525
0.9995521887428861
0.9994560591603145
0.9992784104771022
0.9992856655351663
0.9994143284432873
0.9994542244597451
0.9997357130532041
0.999733555846565
0.9998277950801685
0.9998515130829785
0.9998592340944765
0.9998601872195083
0.9998480436330354
0.999834262968432
0.9998409877847196
0.9998412070416103
0.9998321646884349
0.9998752305727183
0.9998838173608573
0.9998652525590048
0.9989678537743514
0.9992522050239634
0.9992517204226941
0.9992466068268318
0.9992685579893261
0.9992883385713962
0.9992627218884012
0.9994917995492222
0.9994987021618191
0.9995041262060156
0.999510293764321
0.9998103272334042
0.9998197741914622
0.9998738890386131
0.9998832457342572
0.9998609746210873
0.999787119830688
0.9998143695831562
0.9997331792748335
0.999731771415482
0.9997388243203245
0.9997982805475265
0.9997948923880466
0.9997563414657576
0.999795017861536
0.9998610911440595
0.9998877206802536
0.9998946111493858
0.9999393323575965
0.9999378536427811
0.999937599956517
0.9999327098345789
0.9999250742129828
0.999934706267486
0.9998338082764336
0.9999352489629594
0.9999415085604914
0.9999424242924548
0.9999357433224392
0.9999145486935909
0.9999395202806218
0.9999616231689417
0.9999594007278867
0.999965797758825
0.9999593446176142
0.9999688619451037
0.9998779564787919
0.9997165820565728
0.9998268590111445
0.9998285514109746
0.9998646956508622
0.9998581478058007
0.9998641654198207
0.9998549826525474
0.9998597575950927
0.9998617281234514
0.9998958157894573
0.9998949187581526
0.9998995876991807
0.9999023003098939
0.999904017719767
0.9999007294401898
0.9998982632794499
0.9999002648584697
0.9999040953449986
0.9999002993081654
0.9994761006720548
0.999469317071865
0.9996878683574075
0.9996888077070445
0.9998319958005181
0.9998463726813549
0.9999089067671201
0.9999262152507532
0.9999261979886296
0.9998996443774307
0.9999073586794869
0.9999218892076744
0.9999373022870441
0.9999349412636168
0.9999620317763961
0.9999616792526264
0.9999596647029672
0.9999532681881078
0.9999494560509863
0.9999496457706459
0.9999517594119891
0.9999384950425712
0.9999388680992272
0.9999385079777754
0.9999382375861612
0.9999416285517259
0.9999436570594182
0.9999392601320285
0.9999704146972365
0.9999718996263447
0.9998465448260463
0.9998465471535296
0.9999485914158012
0.9999525737651314
0.999957284287435
0.9999664551304118
0.9999538552600422
0.9999307600647448
0.9999375532495778
0.999934585758879
0.9999084372146533
0.9999161169587523
0.9999092093774227
0.9999236930021259
0.9999214823250985
0.9999202847815776
0.9999748269705353
0.999979821532859
0.9999747947376414
0.9998938501693755
0.9998415330356731
0.9998541776648483
0.9998983737752675
0.9998968867901494
0.9998858662348029
0.9998768137487974
0.9999435631951225
0.9999594121375099
0.9999498974535481
0.9999554855640185
200
0.38732910156249994
0.360595703125
0.37194824218750006
0.463134765625
0.555908203125
0.7838134765625
0.8703613281249999
0.80859375
0.8605957031249999
0.849609375
0.8558349609375
0.8737792968750001
0.8240966796875
0.8278808593750001
0.7802734374999999
0.8220214843750001
0.8146972656249999
0.7864990234375
0.80078125
0.78125
0.8317871093750001
0.8275146484375
0.8363037109375
0.8601074218750001
0.7943115234375
0.826171875
0.8468017578125
0.8492431640625
0.85498046875
0.9050292968750001
0.8291015625
0.8935546875000001
0.82958984375
0.8695068359375001
0.8302001953125
0.85693359375
0.849609375
0.8308105468750001
0.8317871093750001
0.8666992187500001
0.8306884765625
0.8278808593750001
0.8874511718750001
0.9312744140625
0.8634033203125001
0.8343505859375
0.8446044921875
0.8128662109375
0.7923583984375
0.8619384765625
0.8348388671875
0.88671875
0.8681640625
0.8454589843750001
0.83349609375
0.8275146484375
0.8210449218750001
0.8887939453125
0.8369140625
0.8177490234375
0.8789062500000001
0.8822021484375
0.8903808593750001
0.8845214843750001
0.9080810546875001
0.8380126953125001
0.8756103515625
0.8806152343750001
0.8649902343750001
0.8260498046875
0.8582763671875
0.8605957031249999
0.888671875
0.8646240234375
0.8005371093750001
0.8929443359375
0.8780517578125
0.8336181640625
0.8532714843750001
0.88720703125
0.83154296875
0.9201660156249999
0.8411865234375001
0.8326416015625
0.8869628906249999
0.849609375
0.9082031250000001
0.8693847656249999
0.8679199218750001
0.8197021484375
0.88818359375
0.8415527343750001
0.8894042968750001
0.8586425781249999
0.8983154296875
0.8270263671875
0.8560791015625
0.8133544921875
0.9105224609375
0.8364257812499999
0.8896484375
0.8543701171875
0.8928222656249999
0.8762207031249999
0.8381347656249999
0.9193115234374999
0.8321533203125
0.8377685546875001
0.83349609375
0.9019775390625001
0.86767578125
0.8718261718750001
0.8348388671875
0.8431396484375
0.8450927734375
0.8392333984375
0.81640625
0.8885498046875
0.8206787109375
0.8795166015625
0.83154296875
0.8308105468750001
0.8679199218750001
0.8298339843749999
0.8739013671875
0.8654785156250001
0.8854980468750001
0.8468017578125
0.8251953125
0.8280029296875
0.8402099609375
0.9105224609375
0.8485107421875
0.8133544921875001
0.8477783203125
0.8424072265625
0.8717041015625
0.9089355468750001
0.8977050781249999
0.8272705078125
0.88330078125
0.8905029296875
0.8802490234375
0.9090576171874999
0.8333740234375
0.9124755859375
0.8930664062500001
0.8548583984375001
0.8347167968750001
0.8419189453125001
0.8405761718750001
0.9025878906250001
0.8781738281249999
0.9088134765625
0.8702392578125
0.8426513671875
0.8873291015625
0.8760986328125
0.8929443359375
0.89501953125
0.8195800781249999
0.8581542968750001
0.8565673828125
0.8325195312500001
0.8843994140625
0.8787841796875
0.89697265625
0.9122314453125
0.8699951171875
0.8282470703125
0.8231201171875
0.8438720703125
0.8892822265625
0.8834228515625
0.8958740234375
0.8345947265625
0.8266601562499999
0.8446044921875
0.8132324218750001
0.8836669921875001
0.8964843749999998
0.8983154296875
0.8372802734375
0.8179931640625
0.8765869140625
0.8612060546875
0.8083496093750001
0.85302734375
0.8480224609374999
0.8449707031249999
0.8848876953125
0.82666015625
0.8713378906249999
0.8778076171875
0.8341064453125
0.90869140625
0.8796386718749999
0.7978515625
0.8366699218750001
0.8162841796875