0.666667433527082
0.654441661648297
200
0.3684958970706705
0.5912365781816106
0.5015477241011206
0.4412230215368309
0.5029601536610049
0.5897617410351061
0.5897488247823093
0.6229151740096679
0.6551821607463675
0.6559094713759879
0.6545523853388544
0.6560045797740199
0.65592964876679
0.656758803169784
0.6586621661331321
0.6629630887224451
0.6629506373356675
0.6629413525818016
0.663645273845219
0.6629145492475342
0.6628102495935506
0.6629612622870816
0.6652088708600903
0.665790941456932
0.6656855699778215
0.6657604309352392
0.6656733660053562
0.6655933361113138
0.6655710881210171
0.6656483018664585
0.6662199272608269
0.6662146366899674
0.6657752894177489
0.6660210686588293
0.6660917834334937
0.666086801233947
0.6662977349462733
0.6663162903267752
0.6663283710611942
0.6663253011524567
0.6663367853115966
0.6662947055039314
0.6662937432575224
0.6663744702290232
0.6663706200391439
0.666170896354058
0.6660993585380186
0.6661064005141764
0.6663632463031679
0.6663783883922381
0.6662149635402824
0.6664739724283795
0.666485586582204
0.666554071997912
0.6665631045461301
0.6664953469211692
0.666573101200689
0.6665710652356872
0.6665692605654895
0.6665128964135882
0.6664752022511578
0.6665083987452334
0.6665300644201427
0.6665315377643699
0.6661822809029858
0.666184293880226
0.6663013293866734
0.6663675612285281
0.6663523502583655
0.6664248913910255
0.6663856790535072
0.666361522506031
0.6664688966095687
0.6664801814506358
0.6664809441794008
0.6664832087160792
0.6663872443123258
0.6663907918400789
0.6664845801535396
0.6665388663497744
0.666501879283366
0.6665165646353909
0.6665169345263574
0.6665172266001635
0.6665293623638008
0.6665255151148747
0.6664966549449578
0.6665287158629236
0.66652599255866
0.6665258526946711
0.6665272358758665
0.6665499118392662
0.6665791801355436
0.6665960397879227
0.6665668927441837
0.6665699079833555
0.6666462225508297
0.6666368631816875
0.6666367108645767
0.6666258419689328
0.6666237717692634
0.666611982388553
0.6666244473152156
0.666628275403736
0.666559222731577
0.666603185971689
0.6666027256830909
0.6666468686592378
0.6666467578550088
0.6666477868844044
0.6666478108605891
0.6666470191676369
0.6666459169066182
0.6666473458195465
0.6666469682083489
0.6666442441272811
0.6666441999856888
0.6666446056139699
0.6666437283119606
0.6666433691952224
0.6666406878907035
0.6666409252548577
0.6666401393747969
0.6666329729765693
0.6666380983031774
0.6666302887321922
0.6666303019447313
0.6666324799610837
0.6666332483032429
0.6666329929002482
0.6666330255712708
0.6666432896118557
0.6665930610605727
0.6665944717838068
0.6665159853586956
0.6665393473481381
0.6665753184601053
0.666574734294265
0.6665807171371032
0.6665811886115872
0.666584621815336
0.6665878842787656
0.6665911246212496
0.6665913947504503
0.6665925970357869
0.6665921615346282
0.6665875114841178
0.6665950094794215
0.6665954045425616
0.6666075084857999
0.6666077051098535
0.6666108731415268
0.6666094841193898
0.6666087200308037
0.6666062454315408
0.6666141983450362
0.6666103839960771
0.6666076547044516
0.6666076362300191
0.6666071360377893
0.666606520847548
0.6666134805460389
0.6666105756093568
0.6666105744620563
0.6666185059981112
0.6666147264237465
0.6666095333796129
0.6666062562278973
0.6666064633963831
0.6666068382723531
0.6666070047633229
0.6666043032965379
0.6666165573398753
0.6666173175097321
0.6666184125187811
0.6666171298960466
0.6666065440930786
0.6666073513190387
0.6666010186327542
0.6666079266783218
0.6666168736669077
0.6666126870092015
0.6666199290920766
0.666623482343932
0.6666122064687635
0.6666122260613593
0.6666196646802995
0.6666125513526464
0.6666060774482809
0.6666072327009939
0.6666075134722368
0.6666021717986331
0.6666011048995679
0.6666005888051506
0.6666008161368391
0.666583408855694
0.6665857436689022
0.6665854784360541
0.6665866942505574
0.6665803758365983
200
0.3486383374742423
0.43924029881493576
0.3801168351106473
0.1977428686346085
0.43114717751280807
0.32279501768134744
0.3165040914405659
0.28651176061956596
0.5175230857301281
0.3685807698902855
0.4293327333282276
0.4229254534409101
0.5312449948947304
0.41081366353025806
0.5101492927706401
0.46781760406618983
0.49806278530753634
0.5173179853020018
0.39470232781503845
0.5062466030551883
0.495650865253062
0.49583232114366493
0.5105921298909545
0.5033240089813313
0.5212820728124176
0.45933851192958947
0.41080119207837346
0.4139497423679243
0.4651014113060938
0.4026675895679491
0.4018614327924635
0.4507071553182155
0.3754711832684486
0.5041703183919147
0.38281934720749417
0.5312485543658236
0.45852861230665704
0.45815793030728225
0.3875731056522167
0.4963112421606282
0.5249443314379756
0.4464722678995215
0.4716322276715301
0.40293072704923544
0.4666279934388233
0.5218105021137786
0.39126975382735374
0.5114838840133735
0.5052209203147611
0.43034012912615477
0.41273113545751794
0.43280464916577066
0.39281996683001397
0.48284710142107007
0.42501520361526535
0.4406617236067275
0.4489604493438968
0.4483773629746139
0.5276370263238888
0.4480841076804914
0.4937630796768668
0.42871272926278386
0.43206853728946126
0.4960397020211244
0.3957383703604228
0.3923136494433185
0.4907528222270337
0.428287358081411
0.42279032178484943
0.3996432103817009
0.4613136950411075
0.47710338680391534
0.41834751274971177
0.4765906760085512
0.47738854885887355
0.5188606448537934
0.46324653639189944
0.3966169420745098
0.46226918808529927
0.4645109809835152
0.4929812508792908
0.5516992260946925
0.462050295557607
0.520278737103981
0.4139904193443479
0.47182626130548266
0.4906723108371255
0.5444711304603
0.54203194810813
0.5264766614865959
0.45651678396701034
0.4642818787816603
0.48128717915204905
0.47502280277244324
0.5269698583546534
0.48302443792498295
0.42365638153166774
0.48218423019673384
0.5456992408613219
0.5334711408262085
0.47016958798874575
0.5503421027376407
0.46147569008267114
0.5581018834394719
0.5555903863454692
0.48074873147334624
0.5518800841355098
0.5065312358926501
0.42160241205345544
0.474338066277821
0.5558480897045601
0.4709463108656598
0.4600784639886125
0.5469422145337717
0.47609865311943467
0.43785644067292107
0.5400429715091191
0.4803502101841693
0.4838940686583082
0.545039227565729
0.5393591200030161
0.453386472269293
0.47519514505515126
0.5678227908107466
0.4306005532670277
0.49969503445043606
0.5572929142706752
0.47948004444429415
0.40797125252722116
0.5491682880953614
0.4797349890677802
0.41628145366383057
0.40962842598137633
0.4033166858723334
0.5316522120549186
0.4186847050464
0.4305957316132627
0.4097374072942886
0.47431689844101393
0.5341913931632355
0.47572826069653634
0.4907679679934189
0.47691659932334973
0.5554852542960494
0.5446762387001981
0.4219499316417258
0.4865291558502281
0.42254715675479676
0.46238081874975867
0.5433827286626398
0.49168859164155876
0.4889542840194781
0.49337091470339933
0.4727821154886283
0.47259470157397215
0.4888404600038047
0.4787048885373664
0.5528440015773167
0.4702190516092751
0.5518732288728252
0.4749935598642407
0.5628034774426763
0.47290503663265615
0.4302165830714787
0.4657179322990154
0.5416734867363499
0.4827498250910335
0.4666857177977557
0.47392966978674406
0.47905415800225987
0.4621567690402098
0.4982221443241372
0.48224442379086124
0.4635062165999369
0.5442757116557514
0.47597540858828347
0.42051155267179413
0.41991276660377896
0.40610294060324065
0.4177561865264642
0.47533008824712525
0.5389424078197781
0.53998441557937
0.41845307904553064
0.5064262051240694
0.47208360805706
0.4124979666505291
0.4798252295409932
0.496165539084144
0.47304941884553003
0.4687562463168274
0.5428527283918521
0.42861606557346743
0.4265131214929525
0.4813445293125601
0.4841645156604664
0.5003223675545964
0.5088143540841749
0.4970614526568274
0.5311703074177141