0.5
0.4924050637625465
200
0.14992198498314752
0.06070702192595274
0.10506060764217888
0.24393784105606228
0.24405906933153831
0.3112836745726688
0.3142536513710166
0.3127944352490201
0.32198718774072876
0.32829468508240706
0.38707993327800644
0.38703649739732837
0.3904968895523824
0.4140525644292353
0.4145460045492964
0.43147061602890147
0.43439443522203613
0.4370246621609201
0.4436782361850989
0.4572630684355573
0.4658986904604488
0.4772989377502232
0.4773043708926486
0.4796433186247472
0.48648271361403145
0.4908964966996056
0.4906953926766616
0.4906972698361317
0.4929913163828529
0.49282982446900236
0.49557979500625843
0.49571887886235005
0.4981414384044635
0.49822053170400105
0.49818985597695525
0.49841439322085723
0.4984138232662956
0.4990960428176335
0.4992940778997377
0.49622174845686473
0.49625889683108293
0.49666555910447524
0.49731426855084787
0.49741580074201697
0.4988383104951459
0.4991080729699795
0.49904442704121466
0.4991617339262073
0.49923872053817564
0.4992532638638502
0.49854295842572444
0.49854136928825615
0.49851825874330463
0.49849321784637624
0.49889130601807746
0.4993639826161499
0.4994373398501647
0.49943153678035296
0.49943770285060735
0.4994262568375585
0.49937796149975133
0.49939626723970654
0.49943905340464145
0.4994607682011183
0.49947215248379373
0.49950103257026607
0.49946874570868544
0.49944587222577014
0.49942456761548437
0.4993438169958301
0.49935081007980975
0.4993406441655588
0.4992622206117995
0.4992059955806844
0.499201949033106
0.49906461902440447
0.4992415108609963
0.4992618679330112
0.49929351161364494
0.4993189938371187
0.4993780215784935
0.49931391429908534
0.49931570234217887
0.499392258014557
0.499645506125632
0.49958470474893346
0.49961759495654895
0.49962526030693816
0.49971518618217464
0.4997862934582211
0.4998058284643934
0.4998124572296595
0.4994483833038968
0.4994870231195002
0.49948709889064
0.49971899955608345
0.4997204112537889
0.4997220603299333
0.49970928922179
0.49968242270699825
0.49974019205174264
0.499787695504338
0.4997826247025713
0.4997743769376903
0.4998094295441894
0.49974411311754674
0.49968210982487976
0.4997210020440435
0.4997007676511679
0.499714619017977
0.4997729191663286
0.49979362963863017
0.49980182366985026
0.4998125312884262
0.4998171365811353
0.4998193180085162
0.49985420905398564
0.4998252451277666
0.4998290141244588
0.49984668475083494
0.49978934103185124
0.4998464225920349
0.4998477893430793
0.4998478454132303
0.4998750373554823
0.49989635556640316
0.49991164689177325
0.499905807695804
0.49992878219101716
0.49991519578967364
0.49990399452681783
0.4999212511830626
0.49989938090573516
0.4998970975635264
0.4999033408108132
0.49990275155134545
0.49991045206443063
0.49993746040879594
0.499944887629281
0.4999616125605674
0.49983709519692876
0.4998486143001456
0.499960878681262
0.4999464768317449
0.49990505579438105
0.4999158338152464
0.49988649289518927
0.49988548530931687
0.4998846251228858
0.4998827997540593
0.4999175673410638
0.4999042112451105
0.49990481370118
0.49994486147187334
0.49994518337412985
0.4999430454751944
0.4999587608942784
0.49995627574758394
0.49997057120025395
0.49992620646873537
0.499950836466521
0.49994092325660083
0.49993000819809436
0.4999218852056566
0.49993678759043025
0.49993755476396945
0.4999398481560668
0.49991494017878146
0.4999150953241347
0.4997996125697523
0.4998173378065095
0.4998486802294585
0.4998834895024759
0.49987962308059697
0.499876428406718
0.4998737447694845
0.49988583496167255
0.49990015769954016
0.4998984182780526
0.49990029318936174
0.4999102026415467
0.49990689911404906
0.4999199210105039
0.4998952873125822
0.49986523910283065
0.49986200359035776
0.49992056589434836
0.49982732513925965
0.4998305093596731
0.49983379114719323
0.4998621474309589
0.49987832149615996
0.4998739919317668
0.4998899055024267
0.4998861242081691
0.49989164817542775
0.4998568755647325
0.4998628767642162
0.4998745593786156
0.49987455417200977
200
0.0955842066853972
0.1066515959128782
0.11043577284557433
0.10282588816076674
0.12046472197767824
0.12521073440761632
0.1178778825102483
0.15868804348598858
0.14429165265109148
0.14655908460671346
0.15397949901736824
0.15496150934553354
0.1438055163619906
0.16911397652224971
0.2009165468513092
0.20752828034941198
0.2150510148830242
0.18949646890214944
0.19991194991613864
0.22875665773049042
0.19974436115047917
0.20275273807737565
0.20068125214889887
0.21451887551411356
0.19007175568447765
0.19518910861526723
0.20651906025156921
0.23932926477638067
0.22939530099444866
0.2235752227767824
0.222869914115852
0.23245466671256132
0.2177116787262239
0.22369180119591672
0.22884570733770213
0.23468115414300544
0.2248745872542453
0.2160838962260136
0.22540503642348503
0.23659009080156929
0.227914872535038
0.22665861557623826
0.23163321045195628
0.23629250391732695
0.2293570830271292
0.2373088883183992
0.24863165146588911
0.22819577118767362
0.23010841933756607
0.22797216312559232
0.23181847362134214
0.23126000902786553
0.20899428007553733
0.2222218905117091
0.23087934539424645
0.2198212788610216
0.22666246783279043
0.20523489447336918
0.2126506094756861
0.1810498153022298
0.16838194830347314
0.18161414450938718
0.17070651671537312
0.16469048531892552
0.17328186659130929
0.2051417272664167
0.1896106375592773
0.1940658351310617
0.20197637287456985
0.19795883058951352
0.21106246673071632
0.2000255089822202
0.1900101832515418
0.21674285665850873
0.2093621850590926
0.20212839817856185
0.20592544398935372
0.24036193144607002
0.2208564985834341
0.209671763595292
0.22395269067110352
0.22892932757070136
0.22622082228448986
0.23209067036422665
0.21863639580649058
0.22375656410027134
0.21326519102874736
0.24706019232728244
0.2343592872621244
0.2169038476362607
0.2302386928131539
0.22550843926916186
0.23885109687426026
0.23475417202163326
0.224145341435219
0.24408596562473117
0.2325286095410372
0.2140807435446349
0.24176935719196532
0.23505589005227015
0.21640266570778527
0.2231600381794888
0.24020786803725763
0.24452685274209796
0.25064946997290727
0.2214411937290175
0.22896169201577993
0.23476263269548897
0.2320278334078249
0.20960810425077575
0.24530968662455305
0.22903095076973834
0.22998698148049454
0.23523026653498944
0.2263396861746315
0.22179909032262335
0.23562761999479997
0.2293287966133698
0.22281851227588484
0.23584552977456733
0.22779408338881177
0.24402061027681388
0.2312048502810617
0.22333719795453164
0.2289531358845672
0.22692173282146022
0.2345487607160333
0.2462188331250233
0.23740989106769567
0.24627212032381413
0.2304220078179274
0.240638269055424
0.22816959405103227
0.244743802592263
0.23470580632125948
0.2273820831044832
0.2342947763121287
0.24905378652030818
0.24868384453585177
0.2405292532125422
0.22679220003628875
0.23276374566214292
0.23038576481866865
0.244196932448783
0.24373230324175282
0.219851376967816
0.2260215700627324
0.25842183877158087
0.218413657565404
0.22970786818690403
0.24708003869219422
0.23318184648629886
0.2309491619094571
0.2299672923703215
0.23263603204311004
0.2364011931699399
0.228515056008752
0.23027400875519377
0.22490411552470552
0.14832606242950494
0.1511326427739944
0.1478026660383348
0.17172518775228235
0.17380032718436414
0.17052722605864784
0.18992122066959277
0.1874225149412885
0.19835087972561288
0.20053350099254488
0.20118635552709976
0.20986824849083546
0.19301524302301468
0.21965910547416212
0.21956574367246057
0.2069713418151813
0.24616707104733376
0.2263943886769822
0.21232396813286775
0.21619728113085857
0.2306125055801537
0.23048887845970326
0.21410026560723455
0.2338853662451731
0.2205747379469466
0.2154467117168738
0.22683300281212798
0.23170061559450958
0.222974405899204
0.23949661381817547
0.22036379192618433
0.24281501290026247
0.22125283825120945
0.2445211972789725
0.22854799853389024
0.2234733465309471
0.22352216229718883
0.23132102992109502
0.2501485234991902
0.2367388102998283
0.24326961693575572