0.9999957258028627
0.9999952551571472
200
0.7025374840828081
0.920861570465046
0.9610878279299249
0.9940835670807435
0.9979337456558715
0.9979485593101394
0.9983803520072125
0.9989156382262763
0.9989155822778997
0.999388019961323
0.999746659757079
0.9997906180936682
0.9997907557840542
0.9998273001058601
0.9998294274962245
0.9998317602358834
0.9999253775380188
0.9999385898039461
0.9999244816293864
0.9999654759658629
0.9999553880585683
0.9999437362253243
0.999939297933929
0.9999393678598673
0.9999394592323795
0.9999288471683536
0.9999310938908672
0.9999226090306481
0.9999220369328188
0.999923064608669
0.9999230072937473
0.9999229526437274
0.9999577436379845
0.9999599982298564
0.9999858043675072
0.9999859277438732
0.9999859296471405
0.999985962125095
0.9999792459421415
0.9999729602880731
0.999972940629467
0.9999665903287241
0.9999669040563077
0.9999669122878134
0.9999820566715665
0.9999820776201249
0.999983473641807
0.9999840026178779
0.9999935647775052
0.99999372334144
0.9999940264231981
0.9999940174369436
0.9999896766849768
0.9999849269914385
0.999980153515645
0.9999755825195401
0.9999898779670167
0.9999854754499518
0.9999854498599923
0.9999813936244453
0.9999914664096509
0.9999914708718207
0.9999914431608331
0.9999915149603869
0.9999959943232086
0.9999970835407245
0.9999960435792666
0.9999971672322951
0.9999940846376671
0.9999941718904923
0.9999939364359371
0.9999922538527779
0.9999897137208023
0.9999900297505979
0.9999903346246751
0.9999937972082877
0.9999908919513453
0.9999939022079934
0.9999940357750732
0.9999940527749227
0.9999977397010238
0.999995692937116
0.9999957043942886
0.9999983279899107
0.9999967080844689
0.9999969622664742
0.9999977565343613
0.9999979270588151
0.9999979210893608
0.9999997826033555
0.9999998336299836
0.9999993219929727
0.9999993007642398
0.9999979231814603
0.9999979644636864
0.9999974417646458
0.9999957380726502
0.9999957231112231
0.9999957084920659
0.9999979377623112
0.9999989161497495
0.9999991993250219
0.9999989677992225
0.9999991364131972
0.9999991911772812
0.9999992303949303
0.9999978965695127
0.9999980411923667
0.9999980208451594
0.9999963276195205
0.9999968483744057
0.9999978055218763
0.9999961224548852
0.9999961047777797
0.9999961538699507
0.999995257174322
0.9999957457691007
0.9999942007282541
0.9999942155618473
0.9999942299578125
0.9999962867940745
0.9999949817666463
0.9999933306177144
0.9999933132092885
0.9999963285741805
0.9999963294768239
0.999994825228352
0.9999948190674238
0.9999948258649538
0.9999969409232554
0.999996956473692
0.9999969398693465
0.9999969551615011
0.999995416826641
0.9999955503815705
0.999994186959194
0.9999942005974656
0.9999926263527623
0.9999926108612194
0.999990931093807
0.9999892094522862
0.9999874491275668
0.999987433806571
0.9999857356195745
0.9999902489653857
0.999990296983536
0.9999902859755874
0.9999937652758393
0.9999922419282684
0.9999922513286846
0.9999906598085313
0.9999906478855162
0.9999906497812621
0.9999906379817876
0.9999890639012912
0.9999920854895072
0.9999921671477625
0.9999941196380195
0.9999970279279418
0.9999956724028545
0.9999956792256579
0.9999946783820365
0.9999971471719658
0.999995895631548
0.9999959764388132
0.999995975928403
0.9999973511642425
0.9999965104655566
0.9999976421234609
0.9999964178529589
0.9999964156871929
0.9999964135443344
0.9999956243170367
0.999995818199777
0.9999958161954439
0.9999958152101323
0.9999978043625795
0.9999989393070283
0.9999981133875891
0.9999987068341275
0.9999987197358452
0.9999987323833838
0.9999989281195005
0.9999990554850229
0.9999992809549438
0.9999990582606676
0.9999982512786674
0.9999985590715347
0.9999984233635937
0.9999991713875859
0.9999986269903369
0.9999990684165875
0.999999083914191
0.9999995771323014
0.9999991890689494
0.9999987614810835
0.9999990504048788
0.9999990408031396
0.9999990530668088
0.9999990435634476
200
0.8151189969185988
0.8761781101367974
0.8731758724989366
0.9441553594460603
0.9498625965866124
0.9623143734168845
0.9626574457364234
0.9690466096237116
0.9915464129454291
0.990890921083009
0.9917522905175122
0.9932180865362967
0.990666588935326
0.9913171277391746
0.9932416816528635
0.9902649012232116
0.9912219770332501
0.9880972341298216
0.9926145695800465
0.9930940879884987
0.9933002216574911
0.9937042706152669
0.9922789264098769
0.9910325852000869
0.9937831212494247
0.9908509100424578
0.9905773352616928
0.9947665435351017
0.9931857346201222
0.9923769500170202
0.9937796364569256
0.9880993930273779
0.9926977504733163
0.9932417052835057
0.9907062868310862
0.9917070282429586
0.9929005290496558
0.9935839430152351
0.9919644711605169
0.9936517396618234
0.9932694972022018
0.9918120797342342
0.9924746541966523
0.9930294322945986
0.9957994197394661
0.9931583656938172
0.9930622075107475
0.9906042556934518
0.9917482259800223
0.9910240580318147
0.9903265204059362
0.990717293777592
0.9914135614887969
0.9920664137327053
0.99103852933439
0.9955442340792523
0.9905872323108094
0.99229442893839
0.9924076488650324
0.9913769397511741
0.9888841632225017
0.9918528438353024
0.9920081332086781
0.9917634932325301
0.9936512611330759
0.9901603237530798
0.9928796645128208
0.9927674125372572
0.9909210804186444
0.9947264364366859
0.9932971993847803
0.9909468016797479
0.99198269269575
0.9916128861432246
0.9922264715339225
0.9915221677042871
0.9916848475868782
0.9931200705092095
0.9937192590859933
0.9926518767717027
0.9954162018945671
0.992743437580833
0.9944446874931125
0.9910963880306448
0.994094138273525
0.993767417538424
0.9925658312925034
0.9926314914527301
0.9933475121537907
0.9932674241514053
0.9913640649805922
0.994154969689063
0.9907093972146727
0.9924777364558295
0.9905122898872413
0.9911627488832631
0.9900004047916843
0.9920081859041148
0.9922390181116415
0.991310904676914
0.9929955791006178
0.9920495254973984
0.9918143402475762
0.9928479004612438
0.9925685129981273
0.9935766173020628
0.9921941971427869
0.9908836024765864
0.9930518905849598
0.991232743139731
0.989864171112488
0.9928155994141705
0.9889314062203169
0.9921477405134862
0.9934398858126766
0.9921282728345395
0.9916193841617826
0.9908525229642966
0.9925298142415744
0.9930273940032075
0.9936755179281798
0.9934246781185136
0.9926196897401232
0.9911810080213481
0.9927899811441131
0.9938309766661194
0.9906866543656558
0.9926324372123302
0.9915558435702179
0.9932401501650194
0.991717306936268
0.9923844946597354
0.9923655262187212
0.9915777762610021
0.9903811191021695
0.991464636239332
0.9919799560744793
0.9963878448299565
0.9929590859358077
0.9905262997063733
0.9925681314589861
0.9923536916210847
0.9927139960077304
0.9908602013543777
0.9905822339868728
0.99419769139624
0.9928320390656439
0.9944403087167202
0.9940776469242322
0.9920415664955831
0.9924509332673986
0.9905278359104049
0.9919299130820829
0.9933706385948776
0.9929581628479772
0.990524319431318
0.9940771286549009
0.9899463956512772
0.9922129318545513
0.995205964686232
0.9903104019575334
0.9911582125629242
0.9926263272741923
0.9933010410984973
0.9906771716680404
0.9902402759062909
0.9940732638000683
0.9910193325840135
0.993020717527735
0.9934234827585491
0.9924654883913091
0.9890817979147941
0.9918683020148326
0.9918567192002248
0.9903120612287286
0.9931350645280093
0.9911117133105564
0.9935062677093186
0.994238879293105
0.9926066952344602
0.9925561017677097
0.9919520110117648
0.9915776118364978
0.9941145239242013
0.9926335318727679
0.9906610042275512
0.9910521638742044
0.9922236593539526
0.9928148777058734
0.9951155681641759
0.9921355232751262
0.9915977776613802
0.9931422653666458
0.9934481409784259
0.9942103077325994
0.9918137888303977
0.9914902849942357
0.9896087183196314
0.9915009363580591
0.9915707393247994