0.8383
0.8327061557641187
200
0.35448107588787375
0.32072546486112485
0.41406480209808894
0.44323832561116183
0.4433767809060043
0.4533077533201567
0.46348397553885945
0.468368966187922
0.4746744739353395
0.4745747905849865
0.47822326690384515
0.47982239624055845
0.4805260745544425
0.4873160082365431
0.4892888940833381
0.4933870187133778
0.49863145119346747
0.5233679445344064
0.5346978455207738
0.5365976370053336
0.5503632145132566
0.5805111342967948
0.600727750216264
0.6317826337108046
0.6362354497995781
0.6701442082595357
0.6715784923172425
0.6709871150282559
0.6713704059309783
0.6713542079138488
0.683861928660704
0.6923007097783951
0.6926359388510707
0.6928299303055033
0.6928031406824129
0.6939171701520274
0.6948152182074991
0.6955336519591693
0.6998218995968861
0.7028597322246708
0.7027558545508071
0.7040492135318804
0.7069798133950573
0.7093909016412204
0.7231057217075632
0.7230580634456101
0.7264068199884908
0.73137674940226
0.732230340611669
0.7323253320304925
0.7323013835779694
0.7345376782380412
0.7419617285418353
0.7471485204552873
0.7519302499076492
0.7519378759239347
0.7553660193009045
0.7554403000437627
0.7558977722790392
0.7593826751298915
0.7740375550408609
0.7759473242676487
0.7769431465709946
0.7775121886436078
0.7780489583393697
0.7781017842017695
0.7781497456895764
0.7865359069962801
0.7883385197936092
0.7882784435164064
0.7887088015589678
0.7874369558218746
0.7916017856795183
0.797392741695668
0.7999870148257815
0.8026865655660229
0.803332286267632
0.803310629985226
0.8051012675030735
0.8051590836279519
0.8051731462740838
0.8065598489161517
0.8065198869018279
0.8078869838003678
0.8079007795675043
0.8080877328076568
0.8089045148049563
0.8098230700285143
0.8107191054739417
0.8107720138307908
0.810883016561504
0.811298012013098
0.8113122372816
0.8113956380217441
0.8113896314876256
0.812485762757679
0.8140936629858304
0.8149786141638348
0.8149155234228138
0.815012090044574
0.8151042624518043
0.8150809893693772
0.8152005987490297
0.8169514130108104
0.8170372205097727
0.8185148262247659
0.820424802840894
0.8216069003092769
0.821887737537691
0.822777794612157
0.8225606504674795
0.8225895268801908
0.8226708623003056
0.8226825178787583
0.8232533766934178
0.8233488363489423
0.8234000213209113
0.8234589437350506
0.824324326873513
0.8243579092376886
0.8242584236607667
0.8244205559722485
0.8251854608166921
0.825567181560851
0.8263116361485059
0.8266099922182975
0.826802267565157
0.8269823138339046
0.827928949977665
0.8281696372149837
0.8282023397334761
0.8282264362395753
0.8282963532261456
0.8282876367660277
0.8282858478119397
0.8284241296784736
0.8284535077208266
0.8287563327780534
0.8287572980771543
0.828922015092526
0.8289212679125967
0.828928053355898
0.8289252485253051
0.8290288029403312
0.8288334032142789
0.8288763333180755
0.8288810739596048
0.8290191672345005
0.8290861120017395
0.8291465525335859
0.8292168013542195
0.82933622380991
0.8293044522165711
0.8292932259874405
0.8292856310224431
0.8292830173589397
0.8294162348146406
0.8294822836854029
0.8298061408790594
0.8298761611991545
0.8298896766949782
0.8301258677793392
0.8300901255536814
0.8301124654307335
0.8303890108696872
0.8306377565221652
0.8308646323782599
0.8310042111454913
0.8311689444493904
0.8311567440253436
0.8310544962850073
0.8310690373200895
0.831065255779794
0.831079241546721
0.8311315541791504
0.8311382603809147
0.8311785048124842
0.8313729857294461
0.8313162531853526
0.8313027262596969
0.8313576376609794
0.8314065529514182
0.8314443339113495
0.8314552335941918
0.8314574734447777
0.8318341011114199
0.8318459767721258
0.831660092321283
0.8317738841550839
0.8318273228043341
0.8318380753669721
0.8318257197055002
0.8318310160501486
0.831919816684241
0.8319271382344667
0.8318967744041524
0.831901376681
0.8320971324215747
0.8321410976426467
0.8322643919758203
200
0.35859398234078194
0.3465122272893408
0.3481040003827195
0.35944855706287315
0.38874516804001213
0.47325475620024343
0.5472756598917423
0.5108256001517266
0.5518431193117719
0.5457397842753978
0.5110307981429867
0.5298320915338038
0.5430010051802908
0.5588625393850333
0.5514513779190411
0.5290949632635732
0.5430711828445363
0.5255303362366935
0.5370508088530856
0.5286234318199701
0.523248843118943
0.5455760254300858
0.5347404699941434
0.5444538178597758
0.5459714024722401
0.5359954502806957
0.5421712333897923
0.5619187050472377
0.5717728120273553
0.5518021327436293
0.5791207744865293
0.5810166660402282
0.5614750233751902
0.5736743356107135
0.5777115229300549
0.5892407125966582
0.5919849047271394
0.5840674560566391
0.5786277358273062
0.579583559392041
0.5747912460744998
0.575937213453742
0.5723694365748729
0.5565846229634451
0.5964379645968132
0.5818534248086252
0.5675590055046064
0.591221958747176
0.5764444240942191
0.5702656503076516
0.5943832961988292
0.5879851355581637
0.5826347471275843
0.588579022634271
0.5716163138580209
0.5835638554041672
0.574670759063436
0.578817329142746
0.5872933671674075
0.596065741486021
0.6104362956441851
0.5992181780582109
0.5956475686834339
0.5990360605466285
0.570291078359205
0.6087750956171172
0.5827013957446115
0.5850663388101504
0.5974074878636106
0.6039009184607375
0.5975932154905498
0.5827948994499316
0.5908972753572516
0.6105069780194445
0.5997700105842658
0.5936687501433382
0.5805841846917443
0.6065963046058739
0.5991889766744136
0.5972052877908006
0.5791432755262594
0.5954946170155501
0.6017657046536327
0.5998324783592638
0.6060874826486748
0.6042343388440233
0.5908572436701568
0.5971174833360631
0.599761766859682
0.6016604385003939
0.6101712120011087
0.5915074287153104
0.5948322590826406
0.617133690870144
0.6287363577242093
0.6187065187308154
0.5956036229857185
0.6167933636838411
0.6129262479252383
0.6003534699823518
0.5954325606981413
0.6136404519957224
0.6173195561025457
0.6127490244362757
0.5884587730495787
0.5880655007256153
0.6013097269683025
0.6014136207539581
0.6015976926271983
0.5954741746586173
0.6015513462111023
0.595212570047334
0.5859947058341113
0.5916014227543394
0.6135424428740326
0.6083656078033867
0.5973307349975554
0.5938044246337862
0.6185042815764783
0.632783587630176
0.5987261320573595
0.5919286118028971
0.5928028203612545
0.5926538765270096
0.6134278335298795
0.5946695350867824
0.6008095030158443
0.5999047799802941
0.5841972145971374
0.6276486724109515
0.598657534070577
0.6070109764314697
0.5997861954322533
0.5905847101233382
0.6076565536917695
0.6128146056919171
0.6104217332908752
0.6162910687242352
0.5914110157967264
0.5983008930527101
0.5995783873670532
0.5918863973247437
0.5960567225712065
0.6033883896838761
0.5994087319498081
0.610419388069042
0.6011240695836869
0.6082471296025184
0.6108225425142221
0.5952465995095082
0.6160738026012657
0.6287258339227766
0.6370149628844376
0.586857353191116
0.6145545780387579
0.5991725358504939
0.617219862646939
0.6144904263322741
0.6087826925003762
0.6049671858848376
0.6161232450421158
0.6094140234178396
0.620614618069388
0.6036650216442772
0.6118091292900569
0.5898985888744722
0.6149008875975822
0.5954609801302131
0.6057466893697699
0.6083985930799749
0.6079157664501686
0.5888686986596949
0.6073604350838137
0.6206245928794875
0.6011372013145354
0.6087670036775187
0.605661991924099
0.5971833128614619
0.6012507128331368
0.60804425426493
0.6102404903998813
0.612838370094574
0.6123713096632024
0.5963955935637308
0.608802015020067
0.6029939829008985
0.6046523504828141
0.6067461628770562
0.5996564337019449
0.6056966322065641
0.6048362628857733
0.6163626710225429
0.6050197165206381
0.6068471487518647
0.6172029852529611
0.6166814337472324
0.6147997729276997
0.6386711536409487
0.611740873667449
0.5992245340132251