1.0
0.9884188675029429
200
0.32580798050941673
0.29148207139868215
0.38029126693197834
0.44691928478294396
0.3216760825574402
0.29229164987518286
0.294233041958519
0.3297734102292035
0.44160568369559466
0.4519882803444952
0.4521268261694163
0.4715766580041152
0.47206172354774095
0.481475125727206
0.3802664132316048
0.4625768369103137
0.43124085637790954
0.748571405018781
0.728934692867106
0.7158334043801015
0.6975058847429508
0.6974624226533082
0.6973837721159708
0.6770085767605887
0.653167039202615
0.6540014757013194
0.6650328333826157
0.6599447049677132
0.657182494960201
0.6651074162835998
0.6650187689217746
0.35656376792575734
0.36335290100461826
0.3639535586006088
0.365082614933518
0.3665245823228805
0.3666627359063766
0.4925837498506439
0.49870086166112354
0.5258296594132876
0.5333091813622544
0.5497291336589719
0.555634689083764
0.7259581813713569
0.7259967930454605
0.8128508811699564
0.811791796846912
0.813933215913137
0.793213504306575
0.8156359976273304
0.8177182054789058
0.8191762226380946
0.8869200127866126
0.8869861575334368
0.8897122311343506
0.8897798451024395
0.8925523159816896
0.8922434457546062
0.8914828985680392
0.891433584207148
0.8863414686153386
0.8863203534472455
0.8841522019100022
0.88109319090408
0.899256768800434
0.9114004893417198
0.9152097658277215
0.92525745979033
0.9205274652925883
0.9351459688220531
0.9358977930207641
0.9385312141825035
0.9397071887365748
0.939998097707399
0.9435969246884304
0.9448315906801223
0.9453642084726619
0.9459791832689983
0.9512334039240905
0.95138977783012
0.9526751921006612
0.960449523968559
0.960334732468516
0.9604433239661817
0.9656579415990394
0.9682100520690963
0.9681198946778319
0.9704047769861452
0.9713211271714831
0.976820589017608
0.9773263231790503
0.9799176485621256
0.9802748839070203
0.9801750783928296
0.9806000780118709
0.9806131758987833
0.983588948119093
0.983928464329635
0.9845335889993888
0.9846231892388513
0.9883429940614482
0.994918914962083
0.9953596818725299
0.9952823073804544
0.9957882217708149
0.997650247319851
0.9976192404566746
0.997615193748559
0.9977243770582648
0.9977485233011965
0.9977245286139058
0.9979512436438382
0.9977360976237369
0.9978090173843047
0.99792774453737
0.9979091674966298
0.9981772322505471
0.9981684370113872
0.9980902147935244
0.9980861878351707
0.9981489005201415
0.9979380217476506
0.9983904471120163
0.9983945263503629
0.9984539418388074
0.9985318413172048
0.9985633257737224
0.9986606241507529
0.9991263905414494
0.9991139969613665
0.999157498525231
0.9991132044977136
0.9991547752694809
0.9990458753644712
0.9990882904225985
0.9989737080000325
0.998940904153387
0.99895283682556
0.9990344996803284
0.9991519578931766
0.9992668072557921
0.9994021726221052
0.9994110299208101
0.9994085783072917
0.9994039403607381
0.9994062479326361
0.9994733345132666
0.9994929601622594
0.999357165204763
0.9993438145926492
0.9995224210092815
0.999655863011663
0.999624369365783
0.9996287034627547
0.9996610135050915
0.999670704122106
0.9996311900475507
0.9996421220963936
0.9996451267703295
0.9996037424172499
0.9996038255506732
0.9996043701942469
0.9996758117866728
0.999645927782732
0.9996459147675881
0.9996650574766661
0.9996878868845802
0.9996558775792124
0.999656089422012
0.9995677174806717
0.9996244717618777
0.9995947725357487
0.9995990413478189
0.9995647734671008
0.9995842977974045
0.9996057856380044
0.9995021335642771
0.999494617374586
0.9994916503852488
0.9995087904953368
0.9994680087401304
0.9994766992105226
0.9995239166366472
0.9995058622940621
0.9995130939601341
0.9994357554036364
0.9995244340593743
0.9993811252391503
0.9993822034741358
0.9993818981924842
0.9993677753870804
0.9993677547959796
0.9994502070618922
0.9995392911054237
0.9995615161043372
0.9995768255309085
0.9995629813654108
0.9995639392096285
0.9995569496870351
0.999588734667312
200
0.25914973780190403
0.41453764202500787
0.4931232851257876
0.4281779199308294
0.4393423296562184
0.4362971470238092
0.3021201706348844
0.3307902732378572
0.39412350408178215
0.39009304010035917
0.3955610854622202
0.3983972888036619
0.422623063835024
0.4002237974426604
0.3906383062429279
0.37954698584325086
0.4135072503195376
0.42753506392283663
0.417837324342831
0.4332757157494999
0.4252107074018745
0.433798710931985
0.4176081257794554
0.4360809434560732
0.44172796078421417
0.45035872248895703
0.45010913533966207
0.4359130633526683
0.45530012930599933
0.4586519824643774
0.47462816342832287
0.512821436699681
0.493677469631436
0.4932322745943178
0.510242816345161
0.49384459030075917
0.5100948113006418
0.5122847398497756
0.53406407879141
0.555417383684931
0.5535970327252873
0.56585306147413
0.5584045137038434
0.5729077764397575
0.5458086064726799
0.5664714080782988
0.5724369730378496
0.5866861131340019
0.5914731368641806
0.6188758018944985
0.6201462171874713
0.6178305266588611
0.6737654980283299
0.6811089771003302
0.6940408091135752
0.6754386251656467
0.6840118137681355
0.6975900200324661
0.6967102332225975
0.682806953821361
0.6984543117806428
0.7223589829033286
0.7204041578477555
0.7367325429114163
0.7404952700761578
0.7163289181999413
0.7236651587076279
0.7424508461527111
0.7512078358390005
0.7185004843856805
0.7345314651654609
0.717270016412149
0.7451529734258334
0.7200256863680119
0.7538701333093195
0.7398642352405637
0.751702665965125
0.7345618223190568
0.7494166545799543
0.7505013783602047
0.7551231076293891
0.7521141570850793
0.756295325120083
0.7334683193910407
0.7309160765159723
0.7237468726677352
0.7256129955420102
0.727409007266296
0.7472563460069438
0.7639943958105986
0.7377083175589328
0.7638921927011306
0.7449263552754739
0.7659315963197783
0.7376526102514822
0.7560990473117869
0.7708377386655894
0.7390314492808654
0.7578936896149137
0.7764805935267364
0.7584988700115114
0.7656735970666837
0.7654143909522874
0.7655301116525094
0.7478495717677452
0.746458305708396
0.7717783515073079
0.7481724745231365
0.779454072687972
0.7836458402121098
0.7700740627363307
0.7621675471352198
0.7647285149168609
0.756565120937485
0.7436131447857486
0.7717239957611685
0.766064712741458
0.758847852872195
0.7541162623428601
0.7647968123762199
0.7314218834890901
0.759004493318022
0.7639385079684805
0.7529313557312566
0.7447662016102767
0.7572001517646999
0.7680386069529078
0.7239415401005528
0.765923352305201
0.7458101014833376
0.7778244460982914
0.7516700721263636
0.7563935186346503
0.7833004432489733
0.7945294281099218
0.7763910130612037
0.772529914096922
0.7692357553196814
0.7476562638433806
0.7558168960077638
0.7785187015862707
0.775207872671274
0.7718485982483229
0.7843391266468175
0.7784265708411375
0.7837921067754167
0.7618181227716544
0.7680965856019677
0.7557493855730864
0.7774539874638837
0.7762348044923036
0.7756233642765026
0.7538535806808122
0.7542930432808498
0.7375429423627197
0.7690475947405907
0.750408959569228
0.752442772780221
0.7748346208728187
0.7714436082572314
0.7886237476948678
0.7715960568087564
0.7682314506654901
0.7709860990020041
0.7760971292095986
0.7547943384315275
0.7930469358541957
0.7736168000715463
0.76544544332494
0.7568538443199184
0.7524181428244803
0.7955276945370496
0.7932530113728222
0.762795932461889
0.7696896673079033
0.7520016417059261
0.7681839857804856
0.7833295362877088
0.7622733353409266
0.7657143198357713
0.7651717920444803
0.7638834246349118
0.7852057424204332
0.7696497526368259
0.7633994686189469
0.7706112918360967
0.7656954761484474
0.7627921672796705
0.7463834239774284
0.7595986062574978
0.7751732066805431
0.7793649420385775
0.7742839854688336
0.7736703251707591
0.7680784228815215
0.7518503633375502
0.7838319175771786
0.7553421183959401
0.7715871082728767
0.7608075152123719