0.7169
0.7169
200
0.17706540563073508
0.09784255764318003
0.11303041216603504
0.1119210029635153
0.11217481049674405
0.19485412178554623
0.19684147817526532
0.21729509433947108
0.21775703487949435
0.25871589144741813
0.25993122386770107
0.3467596692500595
0.34670176287767496
0.3468358270352429
0.385914615874473
0.278947130710137
0.2819792719466053
0.28151226670898954
0.27920965558604727
0.29116989472549537
0.30766561029414263
0.3295277598193027
0.34063024229199046
0.34462751019889903
0.3448307235220631
0.3466482191447939
0.3528774569934471
0.36287424252815786
0.3903154717999085
0.3933580854590631
0.39585354647125803
0.3965381051450079
0.3966145476617811
0.3930883387116017
0.41537411747979563
0.42047879275408917
0.42334259429845045
0.42256827037754235
0.43081771257917006
0.44631067585371786
0.4510571326999525
0.4622254982749879
0.4625095822966287
0.44424561582725824
0.4537029349877829
0.45420187574185433
0.45389999405001236
0.45392751085074995
0.4617778640112518
0.4787615026908741
0.480313062116365
0.4803589990199514
0.49146411430923675
0.5002827472235765
0.5004544498027089
0.5047420612342234
0.5054792576259346
0.5107300980230243
0.5147952999605643
0.5148741731798523
0.5243755127197591
0.5303027814350195
0.5309625128896678
0.5313190644167376
0.5320232496395181
0.5333703224112674
0.5358368007369869
0.5369890826427763
0.5371113389294869
0.536452353388809
0.5393352784397265
0.5417842601568256
0.5495722978002833
0.5495754074838263
0.5495974572390298
0.5561572545876883
0.5561280452433932
0.5563778340899418
0.556381957776835
0.5583588714583962
0.5628398552049407
0.5652545727805871
0.5652472516699208
0.5703396787768403
0.5720307536420733
0.5720316025477084
0.5723076037524801
0.5691559098498445
0.569664772580405
0.5754967922445056
0.5780993417363167
0.5780930238886299
0.578290168380721
0.5810591615732419
0.5838675336497636
0.5842121828839317
0.5840712695112567
0.588235084627648
0.5883770856307009
0.5930903776145136
0.5932188780954828
0.5933496438709718
0.5941610673515773
0.5941779656434985
0.5945805590297337
0.5984696802446032
0.5994861940676783
0.5995076554961575
0.6111964545378652
0.6116478357561697
0.6118310674228727
0.6158213552243355
0.6156710603256759
0.6198914317760348
0.6223521891827509
0.6237573350531308
0.6237751624167897
0.6291754275698355
0.6302097675126279
0.6303069677605442
0.6328836273654415
0.645284305388003
0.6464339621456903
0.6464440061921458
0.6489997654642873
0.6498573395311054
0.6505101218777445
0.6505185485381555
0.650957865564212
0.6511919093335788
0.6520284567233462
0.6520573967310147
0.6458749339824807
0.6508439958869812
0.6587258878388477
0.6587551287169884
0.6588528837910106
0.6592266974735448
0.6675941219158612
0.6749496063475922
0.6753476679736183
0.675430371854461
0.6755474690476498
0.676833065212793
0.6768379100098452
0.677831135760806
0.6782533233733625
0.6783029089816895
0.6801869678472031
0.682515116294558
0.6867603009640535
0.6874822660230177
0.6874873731377433
0.6875965716272894
0.6876170025694119
0.6880825757779125
0.6883162510592044
0.6904834130336697
0.6923117334520386
0.6923484273393701
0.6944158040487365
0.6952284494766674
0.6965447108400202
0.6965503369120607
0.6974076923275321
0.6974107234158451
0.697570806698544
0.6978234051456619
0.6978482480368529
0.6990211801720583
0.699112653943778
0.699885783753984
0.7000312870269245
0.7000860953772949
0.7003098610997478
0.7010500048405138
0.7018186911621906
0.7018861479285577
0.7018828973337641
0.7019808949945394
0.7020442578865119
0.7024539463341535
0.7024539472234511
0.702659417450271
0.7027102958547553
0.7029160286855842
0.7054694126908677
0.7054212707887823
0.7059726212631953
0.7060409107780208
0.7060895590785059
0.707349367205388
0.7076029638622681
0.7085134278505734
0.7087638700754664
0.7092844252124695
0.7095566931281214
0.7095809896749963
0.7096105927762608
0.7095410487211625
200
0.17706540563073508
0.09784255764318003
0.11303041216603504
0.1119210029635153
0.11217481049674405
0.19485412178554623
0.19684147817526532
0.21729509433947108
0.21775703487949435
0.25871589144741813
0.25993122386770107
0.3467596692500595
0.34670176287767496
0.3468358270352429
0.385914615874473
0.278947130710137
0.2819792719466053
0.28151226670898954
0.27920965558604727
0.29116989472549537
0.30766561029414263
0.3295277598193027
0.34063024229199046
0.34462751019889903
0.3448307235220631
0.3466482191447939
0.3528774569934471
0.36287424252815786
0.3903154717999085
0.3933580854590631
0.39585354647125803
0.3965381051450079
0.3966145476617811
0.3930883387116017
0.41537411747979563
0.42047879275408917
0.42334259429845045
0.42256827037754235
0.43081771257917006
0.44631067585371786
0.4510571326999525
0.4622254982749879
0.4625095822966287
0.44424561582725824
0.4537029349877829
0.45420187574185433
0.45389999405001236
0.45392751085074995
0.4617778640112518
0.4787615026908741
0.480313062116365
0.4803589990199514
0.49146411430923675
0.5002827472235765
0.5004544498027089
0.5047420612342234
0.5054792576259346
0.5107300980230243
0.5147952999605643
0.5148741731798523
0.5243755127197591
0.5303027814350195
0.5309625128896678
0.5313190644167376
0.5320232496395181
0.5333703224112674
0.5358368007369869
0.5369890826427763
0.5371113389294869
0.536452353388809
0.5393352784397265
0.5417842601568256
0.5495722978002833
0.5495754074838263
0.5495974572390298
0.5561572545876883
0.5561280452433932
0.5563778340899418
0.556381957776835
0.5583588714583962
0.5628398552049407
0.5652545727805871
0.5652472516699208
0.5703396787768403
0.5720307536420733
0.5720316025477084
0.5723076037524801
0.5691559098498445
0.569664772580405
0.5754967922445056
0.5780993417363167
0.5780930238886299
0.578290168380721
0.5810591615732419
0.5838675336497636
0.5842121828839317
0.5840712695112567
0.588235084627648
0.5883770856307009
0.5930903776145136
0.5932188780954828
0.5933496438709718
0.5941610673515773
0.5941779656434985
0.5945805590297337
0.5984696802446032
0.5994861940676783
0.5995076554961575
0.6111964545378652
0.6116478357561697
0.6118310674228727
0.6158213552243355
0.6156710603256759
0.6198914317760348
0.6223521891827509
0.6237573350531308
0.6237751624167897
0.6291754275698355
0.6302097675126279
0.6303069677605442
0.6328836273654415
0.645284305388003
0.6464339621456903
0.6464440061921458
0.6489997654642873
0.6498573395311054
0.6505101218777445
0.6505185485381555
0.650957865564212
0.6511919093335788
0.6520284567233462
0.6520573967310147
0.6458749339824807
0.6508439958869812
0.6587258878388477
0.6587551287169884
0.6588528837910106
0.6592266974735448
0.6675941219158612
0.6749496063475922
0.6753476679736183
0.675430371854461
0.6755474690476498
0.676833065212793
0.6768379100098452
0.677831135760806
0.6782533233733625
0.6783029089816895
0.6801869678472031
0.682515116294558
0.6867603009640535
0.6874822660230177
0.6874873731377433
0.6875965716272894
0.6876170025694119
0.6880825757779125
0.6883162510592044
0.6904834130336697
0.6923117334520386
0.6923484273393701
0.6944158040487365
0.6952284494766674
0.6965447108400202
0.6965503369120607
0.6974076923275321
0.6974107234158451
0.697570806698544
0.6978234051456619
0.6978482480368529
0.6990211801720583
0.699112653943778
0.699885783753984
0.7000312870269245
0.7000860953772949
0.7003098610997478
0.7010500048405138
0.7018186911621906
0.7018861479285577
0.7018828973337641
0.7019808949945394
0.7020442578865119
0.7024539463341535
0.7024539472234511
0.702659417450271
0.7027102958547553
0.7029160286855842
0.7054694126908677
0.7054212707887823
0.7059726212631953
0.7060409107780208
0.7060895590785059
0.707349367205388
0.7076029638622681
0.7085134278505734
0.7087638700754664
0.7092844252124695
0.7095566931281214
0.7095809896749963
0.7096105927762608
0.7095410487211625