1.0
1.0
200
0.38059769817816297
0.3640713219877511
0.41120424418922935
0.4470531412361303
0.30373846370606783
0.24157673159467993
0.27568499908281036
0.27649894696224286
0.2866752055313859
0.29671109669343243
0.2972779828336613
0.3041914370896536
0.28087678060582244
0.30391273093435234
0.33555038084525457
0.3548221582752313
0.42971276738320613
0.42971331139022423
0.430325602733644
0.43358075241963706
0.42794805301603733
0.45354268389339963
0.4895843569748396
0.49016982349338345
0.49978736375149374
0.5283058448837428
0.5790223058008412
0.5811844796475069
0.5858677768003911
0.5867330110374638
0.5452011323980924
0.5571915596880389
0.5707499811030161
0.5967434614130218
0.6291810105164555
0.6424598848895147
0.6611194564940679
0.6879199358835205
0.7115936256882506
0.7146602436591032
0.7207472577557195
0.7218327385738985
0.7219908414212615
0.7583370963385216
0.7595125623124208
0.760362965062918
0.7580252734409145
0.7584153000290712
0.7809614282051407
0.7803358473166896
0.7783296494613466
0.7830800733769098
0.7853581773961389
0.7867895972448627
0.7932909945909468
0.8142559609921487
0.7999050187416092
0.8025504367891183
0.8072037151494519
0.8074503942501678
0.816566628216365
0.8192651723639115
0.8182387048658296
0.8327256628848825
0.8368792850881478
0.8378129800745004
0.8415064893441028
0.8408080070583673
0.8408149033634016
0.8412110477704462
0.8306354447883717
0.8306727679851742
0.8376703859495345
0.8574467954747741
0.8481915854131137
0.8494341614533385
0.8809912555162014
0.8826136755757368
0.8808498615245087
0.8909688332898995
0.8913251891523966
0.8919444849736267
0.8945304029486605
0.8950459186662143
0.8947766114137033
0.8984930371984351
0.8994131131967846
0.9012426748715961
0.901247007574798
0.9128446446773835
0.9194636305403663
0.9195619091970025
0.9197673540350868
0.9216977152951267
0.9240328328081893
0.9351060292605754
0.9356871112823119
0.9350861472185373
0.9365097916566951
0.9364582498827165
0.9375097853926941
0.939343379020881
0.9403835871602687
0.9422238264057333
0.9429837912172951
0.9547128797407415
0.9562792786426151
0.956570414963922
0.9565874999754532
0.9568546113557498
0.9575674153267397
0.9580638704608546
0.9581439145591443
0.9634729166333661
0.9642952299818677
0.9654823224447246
0.965458579647168
0.9698974198512906
0.9765783940249947
0.9767023935057337
0.9780418121384729
0.9810534795888901
0.9810821205634863
0.9854884229718062
0.9857576417461311
0.9858012337958942
0.9858907183858476
0.9875839841508655
0.9876700985095422
0.9878429729952681
0.9878272827563017
0.9879182793742752
0.9879935437271882
0.9883006874688343
0.9882985270620112
0.9885985416639704
0.9891449307665177
0.9896428526005484
0.9895535459106333
0.9897777429001111
0.9899291796195266
0.9900631355957648
0.9901370839450876
0.9907191205536743
0.990800540632125
0.9908017924036931
0.9916388984023152
0.991618952076949
0.9913355435344658
0.9914134501507665
0.9914149242904262
0.9914568111181202
0.991265597058768
0.9912844205441655
0.9914800398700435
0.9917008764960921
0.991830641525332
0.9918323377705849
0.9918453497296889
0.9918669286223203
0.9918630856764802
0.9918535806214397
0.9924833821017118
0.9924995292791251
0.992575228589926
0.9926165999971382
0.9926992256277496
0.992680457256363
0.99318068928946
0.993163561473487
0.9932628446083355
0.9932428076716211
0.9935329426902013
0.9935291442347061
0.9936212064369292
0.9945660176748563
0.9946717201285404
0.9946946876072151
0.9947520306970766
0.9948339564446591
0.9949179005060523
0.9949362518385858
0.9949422325468036
0.9949400297066691
0.9949097326055665
0.9949298939517889
0.994905803900681
0.994917153689639
0.9949362944828949
0.9949398292598006
0.9952327299088365
0.9954847676460395
0.9955640139556503
0.9955449018177593
0.9955862556307438
0.9956258880380556
0.9957321866702553
0.9957410817378671
0.9957884620252723
0.9960444741166852
200
0.38059769817816297
0.3640713219877511
0.41120424418922935
0.4470531412361303
0.30373846370606783
0.24157673159467993
0.27568499908281036
0.27649894696224286
0.2866752055313859
0.29671109669343243
0.2972779828336613
0.3041914370896536
0.28087678060582244
0.30391273093435234
0.33555038084525457
0.3548221582752313
0.42971276738320613
0.42971331139022423
0.430325602733644
0.43358075241963706
0.42794805301603733
0.45354268389339963
0.4895843569748396
0.49016982349338345
0.49978736375149374
0.5283058448837428
0.5790223058008412
0.5811844796475069
0.5858677768003911
0.5867330110374638
0.5452011323980924
0.5571915596880389
0.5707499811030161
0.5967434614130218
0.6291810105164555
0.6424598848895147
0.6611194564940679
0.6879199358835205
0.7115936256882506
0.7146602436591032
0.7207472577557195
0.7218327385738985
0.7219908414212615
0.7583370963385216
0.7595125623124208
0.760362965062918
0.7580252734409145
0.7584153000290712
0.7809614282051407
0.7803358473166896
0.7783296494613466
0.7830800733769098
0.7853581773961389
0.7867895972448627
0.7932909945909468
0.8142559609921487
0.7999050187416092
0.8025504367891183
0.8072037151494519
0.8074503942501678
0.816566628216365
0.8192651723639115
0.8182387048658296
0.8327256628848825
0.8368792850881478
0.8378129800745004
0.8415064893441028
0.8408080070583673
0.8408149033634016
0.8412110477704462
0.8306354447883717
0.8306727679851742
0.8376703859495345
0.8574467954747741
0.8481915854131137
0.8494341614533385
0.8809912555162014
0.8826136755757368
0.8808498615245087
0.8909688332898995
0.8913251891523966
0.8919444849736267
0.8945304029486605
0.8950459186662143
0.8947766114137033
0.8984930371984351
0.8994131131967846
0.9012426748715961
0.901247007574798
0.9128446446773835
0.9194636305403663
0.9195619091970025
0.9197673540350868
0.9216977152951267
0.9240328328081893
0.9351060292605754
0.9356871112823119
0.9350861472185373
0.9365097916566951
0.9364582498827165
0.9375097853926941
0.939343379020881
0.9403835871602687
0.9422238264057333
0.9429837912172951
0.9547128797407415
0.9562792786426151
0.956570414963922
0.9565874999754532
0.9568546113557498
0.9575674153267397
0.9580638704608546
0.9581439145591443
0.9634729166333661
0.9642952299818677
0.9654823224447246
0.965458579647168
0.9698974198512906
0.9765783940249947
0.9767023935057337
0.9780418121384729
0.9810534795888901
0.9810821205634863
0.9854884229718062
0.9857576417461311
0.9858012337958942
0.9858907183858476
0.9875839841508655
0.9876700985095422
0.9878429729952681
0.9878272827563017
0.9879182793742752
0.9879935437271882
0.9883006874688343
0.9882985270620112
0.9885985416639704
0.9891449307665177
0.9896428526005484
0.9895535459106333
0.9897777429001111
0.9899291796195266
0.9900631355957648
0.9901370839450876
0.9907191205536743
0.990800540632125
0.9908017924036931
0.9916388984023152
0.991618952076949
0.9913355435344658
0.9914134501507665
0.9914149242904262
0.9914568111181202
0.991265597058768
0.9912844205441655
0.9914800398700435
0.9917008764960921
0.991830641525332
0.9918323377705849
0.9918453497296889
0.9918669286223203
0.9918630856764802
0.9918535806214397
0.9924833821017118
0.9924995292791251
0.992575228589926
0.9926165999971382
0.9926992256277496
0.992680457256363
0.99318068928946
0.993163561473487
0.9932628446083355
0.9932428076716211
0.9935329426902013
0.9935291442347061
0.9936212064369292
0.9945660176748563
0.9946717201285404
0.9946946876072151
0.9947520306970766
0.9948339564446591
0.9949179005060523
0.9949362518385858
0.9949422325468036
0.9949400297066691
0.9949097326055665
0.9949298939517889
0.994905803900681
0.994917153689639
0.9949362944828949
0.9949398292598006
0.9952327299088365
0.9954847676460395
0.9955640139556503
0.9955449018177593
0.9955862556307438
0.9956258880380556
0.9957321866702553
0.9957410817378671
0.9957884620252723
0.9960444741166852