1.0
0.9835374342979775
200
0.19486028491078267
0.21251074754014487
0.31772144137908964
0.5608508968289971
0.559872530233995
0.5915795658789815
0.5501521118012689
0.551613608931734
0.6637302897589572
0.3870197396342679
0.4315699034008177
0.5229077977396364
0.5483811542348102
0.5487744870118507
0.6226362461539074
0.7574091858804652
0.7604061367760576
0.7588928255611433
0.7704215700501401
0.7893007184222454
0.7739319739990396
0.7535926819225556
0.6882435376904583
0.6882093407386021
0.7013232686537034
0.7012766577733961
0.7522222495712847
0.7605738618758013
0.7854759331016805
0.7862660708842748
0.7869713348713803
0.7780758156701169
0.8048057510082445
0.8074358250344468
0.8212914511821516
0.8852418334789536
0.8923136686054274
0.8854177659249554
0.8854218406139741
0.8861922131859511
0.8948236590223856
0.9086457425991376
0.9061594290215105
0.9062944490326931
0.8949687824257548
0.9121065380261062
0.9131908224160296
0.9133993132834172
0.9151402075957273
0.9249941245074039
0.9265258752543777
0.9265617885257593
0.9267280478597975
0.9263349027834463
0.9328729906452482
0.9355636675936473
0.935813734545761
0.9362995863295459
0.937126864470792
0.9461694478006819
0.9462224089286306
0.9655764058101735
0.9664365833627208
0.9669074392754576
0.969339417503897
0.9692526216399284
0.9722579665022694
0.9724011837218917
0.973339495986414
0.9733486340570474
0.9717142470404252
0.9721544696553546
0.9719700873513328
0.969174621526661
0.9695687341934002
0.9695360801971011
0.9702675313122706
0.9702303000061016
0.9754660982649336
0.9753646771378746
0.977786507627836
0.9770924000998485
0.9776736862491138
0.9821850832428904
0.9821307028926994
0.9836762293923593
0.9843653008881089
0.984486385604352
0.9845275572182272
0.9847417554200412
0.9851988296124741
0.9848031127222661
0.9853318103719826
0.9861182791052621
0.9868530300402563
0.9883141992679748
0.9897144896162469
0.9897011591897344
0.9897170401203141
0.9898870942660116
0.9899064842999842
0.9898188867885069
0.9907773803420368
0.9909404035953231
0.9909278279617142
0.9939045093575285
0.9944375688894805
0.9944542168127941
0.9941539771145147
0.9941406265622297
0.9941383761924132
0.9941358995737177
0.9941467300180431
0.9941541411587419
0.9964251257060939
0.996437452609988
0.9964385861641544
0.9964368118901379
0.9964232315267538
0.9963776827926063
0.9963916411335395
0.9965657256451822
0.9973523562521962
0.9973167766184312
0.9976245109287692
0.9979013472545093
0.9978999574934855
0.9979150601063669
0.9981216012920253
0.9981083062499615
0.9982267090267668
0.9978865335635918
0.9977695136346495
0.9977744081660348
0.9979953983291219
0.9979829317193197
0.9981341090284277
0.998034092815625
0.9980061955297908
0.9981107763084232
0.997943003512803
0.9979703687350282
0.9987387477941134
0.9987202477273787
0.9985896010695627
0.9986831778289693
0.9987881052468539
0.9988098062275301
0.9987924958092034
0.9990076495152105
0.9989459402020692
0.9992729963361666
0.9993141271952217
0.9993248436443691
0.999318494511348
0.9993126464002049
0.9992242722101823
0.9990671597758952
0.9991166289897672
0.9992178454535687
0.9992974786636251
0.999008084804359
0.9990259338583417
0.9992250448388054
0.9992544703384497
0.9994545742358024
0.9994488771403203
0.9994495440193651
0.9994562331693124
0.9995659640902783
0.9995538827335797
0.9990164625381729
0.9988948430316851
0.9989063419463002
0.9988828750690606
0.9989476235999573
0.9993625391304506
0.9993619371784432
0.9992916769325413
0.999480288173084
0.9994862702596619
0.9994718331118109
0.999469506709919
0.9993652879682259
0.9992773784379099
0.9992745427465186
0.999265451872863
0.9992649805996274
0.9992460294202214
0.9993300057001975
0.9996266466908371
0.9997041106653205
0.9997103970275033
0.9997156243684013
0.999690666030276
0.9996646660335431
0.9996683118514812
0.9996456559566496
0.9995878007458093
0.9998119989072823
200
0.2562480663337731
0.2482875228767098
0.28478026256032973
0.31306529288815366
0.280735542109594
0.27723817485483465
0.28324838960985316
0.33216613141287105
0.3450579526041026
0.3642255999320889
0.35902100427667033
0.3574478687765055
0.3781607891321413
0.39410040419743575
0.4361118408995932
0.4357528162865006
0.4874932321335969
0.536781977710786
0.5166550872218569
0.4976580225448883
0.5107390916203626
0.4866071822476989
0.48968027825829746
0.47125302833152233
0.49322349250557623
0.49077356202687794
0.49158181456661715
0.5257213085984288
0.5552133020604685
0.5039736262785818
0.5453948767293901
0.5729688730556209
0.546877162026728
0.565121083634878
0.5329089227000865
0.5205604181049225
0.5725143606224994
0.5173532932609293
0.5642843065380896
0.5858429710977912
0.6122506846263782
0.5846600264204544
0.5890232243683711
0.5899132886633822
0.5874556208327875
0.5854193906438553
0.6416072825844177
0.5638416067818117
0.6219657561957309
0.6353251608726322
0.6418918795803293
0.6411197434131165
0.6269235899557729
0.5953404483719151
0.621300967199847
0.5728882063165046
0.598675329513835
0.6153937463802162
0.6018532792005612
0.611328108987908
0.6286022639979467
0.6108311647415705
0.5870228305081788
0.6024514086991478
0.6382169347393616
0.6430340284757381
0.6200967978889795
0.6454559852415522
0.6219453090455134
0.6343137601633296
0.6193608632767372
0.6266903131777027
0.6348973194246386
0.6066187950163721
0.6104389110391828
0.594617288264675
0.6331123691574615
0.6187994510107877
0.6032072456746116
0.6221835145068493
0.6529988850496816
0.6626040147415714
0.6475886343942011
0.6383439242258364
0.6361559452639879
0.6526311798955947
0.6781801585212041
0.651171364739058
0.6724921359815309
0.6758531788538459
0.6668161862901777
0.6665477986245355
0.6344018560240009
0.6168321468962424
0.6638679411448645
0.6650257471964085
0.6579023408491755
0.6454432555645145
0.6152418521787547
0.6898475047771893
0.6089230090896521
0.614607081555501
0.5907289866920357
0.6554054360859396
0.646103531869573
0.6718193392424
0.615659172046108
0.6483561965776499
0.6321552902801438
0.6627085563810867
0.673983373391701
0.6488305394700068
0.6631769985827994
0.6509743983652815
0.641768981209793
0.6704681073851665
0.647886107390676
0.6661377748237228
0.6223840147964502
0.654422929221704
0.6372902676589044
0.6740434208833038
0.6618968181371602
0.6354804130026784
0.6438277460732866
0.6311786376016388
0.6619103887104745
0.6372840039219626
0.6597903275073969
0.6467817866251708
0.6719103370337977
0.6271618041946011
0.6316742780373541
0.655123771775483
0.6729369262573275
0.6822101420644944
0.6413429263800523
0.6554408927264463
0.6471166526293011
0.6084638381776645
0.65384335867568
0.6375258216743273
0.6365661850659248
0.6059601742447311
0.6409060076460203
0.6759840533059972
0.6379016369526697
0.6378311323740167
0.6079269185188273
0.6200571508864966
0.6267820821854245
0.6624453098592432
0.6488921382197261
0.6562105454818007
0.6314782227443042
0.6263352393239291
0.6645557016699744
0.6344604352136429
0.6560547360121183
0.6312191596231084
0.6702497386542801
0.619334760196385
0.6194465775821769
0.6423793512165199
0.647824838146954
0.6721725068706357
0.6545406670372107
0.6272970094805344
0.6662641040637276
0.6766197091000552
0.6636727570230809
0.6271462380504689
0.6437866139708371
0.6720554607513259
0.6495262379753494
0.653716317462196
0.6122063090310005
0.6671849357991255
0.6564933375209454
0.639815077474071
0.6400712237467782
0.6385885502800442
0.6561724556184303
0.6539741405082367
0.6898745812645445
0.6516429415396002
0.6454486696333128
0.6752544279460483
0.6420954386227803
0.6687749936226574
0.6309674306329037
0.6387355297187519
0.6524174899773768
0.6433288895666762
0.6494245694075459
0.631064847143799
0.6016189769157386
0.6348146994874438
0.6229232131478137
0.6725335593967001