1.0
0.9964445131582303
200
0.4501382341725785
0.49332110991882694
0.6208384854165993
0.646996095321406
0.5583807384378364
0.5637050935903296
0.5852748580947802
0.5868608536686437
0.7389540340464777
0.7376394175919926
0.8555752872149276
0.8573788454696389
0.882229450159417
0.8825146132775736
0.8880249713565007
0.8900285295940895
0.8901575455722329
0.892682119491213
0.9061657353044789
0.9061667676892005
0.9076591191380367
0.9082356591221143
0.9184225022273833
0.9383921961555624
0.9384198375591519
0.9424032396029511
0.9508270104850252
0.9610063309613976
0.9617288164506281
0.9622676575706498
0.9827845768015229
0.9857676204626309
0.9862404429983855
0.9863726785716587
0.9895442112740166
0.9895485870893952
0.9929833380501848
0.9936155082650959
0.9940510928745426
0.9967618274489597
0.9967662899548905
0.9968707892814557
0.9969756119265745
0.9976002128375647
0.9982557105920085
0.9981589286791941
0.9983568687628035
0.9986083969774169
0.9984379622860857
0.9983274665028792
0.9984102592825689
0.9984053647262445
0.9985522244821254
0.9988494047466923
0.998909929366606
0.9988745443216553
0.9988589684970007
0.9990511810934812
0.9990483031056376
0.9990432577161115
0.998963366136421
0.9989534985242106
0.9989457323403341
0.9989705577543926
0.9990124862388352
0.9989894325907523
0.9990187495933087
0.9990165718116503
0.9990042396424027
0.9989410098221775
0.998989308534864
0.9992537762187084
0.9992462058282858
0.9992681687598727
0.9992636665075543
0.999265904655666
0.9992758950520411
0.9992686011936103
0.9992905102126154
0.9992629216691025
0.9992588291571611
0.9992031903493468
0.9992321450171815
0.9992531221240106
0.9993295002342308
0.9993250133792817
0.9993457091069298
0.9993558253310321
0.999368122595751
0.999375323102403
0.9993917692609863
0.999388665302516
0.9993842339482991
0.9993943971103538
0.9994389107810084
0.9994522360192163
0.999455987332216
0.9994565126890121
0.9994553360042289
0.9994332906288246
0.999440336562239
0.9994648095265647
0.9994810875000679
0.9994904625485985
0.9994905892369313
0.9994937369346885
0.9994904269143997
0.9994896040368161
0.9994852056162666
0.9995113587796144
0.9994954023587881
0.9994898307922608
0.9994846430347124
0.9994564558626753
0.9994585285700892
0.9994698527304888
0.9994693536517424
0.9994686684104059
0.9994792095197119
0.9995172866682142
0.9995211661551525
0.9995208895686437
0.9994561441658076
0.9994286514853024
0.9994412338974885
0.9994173942119744
0.9994848277881174
0.9994910662554333
0.9994953412097481
0.9994255931467273
0.9994343403299071
0.9994369795635354
0.9994485804776202
0.9994546543222642
0.9994585299662002
0.999498771342346
0.9994989067641376
0.9995220890087378
0.9994473863260491
0.9994509949650119
0.9994404471236485
0.9994672824186516
0.999539019508505
0.9995296828562752
0.9995287042004086
0.9995293702099005
0.9993162086517187
0.9993150940366865
0.9993560367681801
0.9993816988087851
0.9993985879595016
0.9994005611216314
0.9993744965354141
0.999390554255611
0.9993544738961488
0.9994485977268593
0.999480557544182
0.9995045779205068
0.9995012370726752
0.9995312598977734
0.9995218682182196
0.9993424201294822
0.9993578705602267
0.999497565192458
0.9994924894182442
0.9995116427368558
0.9995156543917759
0.9995333237646491
0.9995370183535561
0.9995275758221698
0.9995176311504892
0.9995236665483607
0.9995199585642143
0.9995221661882774
0.9995188382614832
0.9995587058420495
0.9995230950126472
0.9995264289262058
0.9995398364534949
0.9995857964438208
0.9995923640712617
0.9995971044395042
0.9995986493131894
0.999596409202129
0.9996043559202251
0.9996044159318164
0.9996082056345746
0.9995748803351434
0.9994766486093727
0.9994804957910169
0.999494820667215
0.9994597455940178
0.9994463816591174
0.9994480246508051
0.9994370627355561
0.9994278547112004
0.9994037949965096
0.9994027458930399
0.9994685910949339
0.9994954427895213
200
0.33257010634281925
0.384080161905663
0.44139614340159905
0.4240099156800407
0.4026266267745875
0.41324284787094956
0.4427375402931704
0.4287244694761495
0.4678037621948724
0.4967519131364544
0.45280558767142937
0.4600106014402118
0.5178173515816822
0.47454927430743177
0.48809831265991904
0.5101401664532901
0.5363372010574262
0.5270444624815508
0.5582291842684182
0.5590897666785376
0.48607981562833114
0.5534716371186842
0.5659123397138853
0.5455357611282265
0.5190802290864421
0.5443096625603855
0.5446475019031555
0.5368549530539235
0.5284586231833062
0.5462212642422073
0.5107677182857959
0.5649980145820691
0.5372027346960186
0.5864843655278317
0.5339721245017123
0.5470835499451595
0.5428979414909542
0.5256366897343652
0.5844912800819829
0.5490024699151345
0.54044047374049
0.5560543548051816
0.507809825248338
0.5104608381077848
0.5208332411309848
0.5244115098515163
0.552590022079025
0.5984041269601987
0.5716917383929374
0.5613685437015796
0.5197592415693383
0.5664710126750349
0.5321188298698584
0.5604327278115296
0.5256751508331763
0.5566338576703875
0.5701172844778912
0.5173387295257997
0.5967909537839441
0.5403119446616319
0.579043405329413
0.5470936927164531
0.5504569904871518
0.5758020453875506
0.5545734752094674
0.550401170929128
0.592101143489912
0.5373620700562787
0.5635531234723464
0.5519493100628416
0.5890812629381699
0.5946004390319384
0.5964768396471269
0.5950910202659468
0.5593776439603773
0.5837410982537942
0.5470679860978687
0.5397558529991665
0.5653161020702432
0.5616167261550568
0.56180874357823
0.576174693282567
0.531330449193371
0.5503983082746425
0.597982686708475
0.5419840497845558
0.5498553307278105
0.5516737491716183
0.5706297343141655
0.5214636088782038
0.5676237938546786
0.49649938465489124
0.5818522149406685
0.5541002286764093
0.531787744991761
0.5438818624014969
0.5736516771617511
0.5472516789074507
0.5874379047581402
0.5109925960515916
0.5517966566150662
0.5618057369257216
0.5778989307747798
0.5851182906969663
0.5097598191467794
0.5851503777100685
0.5470941032972882
0.593581685296608
0.5448333150642959
0.561797538399961
0.543602194224614
0.5680607131614024
0.5603104630534704
0.5406571029256676
0.5836963194002386
0.5615419433080286
0.554618074074489
0.5577948118702126
0.5782601204420906
0.5710275439796113
0.5927314907531515
0.5829729961944197
0.5563678918387279
0.5547029828301383
0.5387716232954075
0.5517168960233689
0.5258867613095779
0.5585851188906252
0.5549499513831025
0.5773155673146692
0.5503713263581339
0.5834742008652511
0.5188386128430149
0.551120773969503
0.5762492692851657
0.5522628883948183
0.6164133743613996
0.5832316294563108
0.5741207988103394
0.5395802761893665
0.5863239528064168
0.5816516548596147
0.5482137894851915
0.5571675501583816
0.542784155385117
0.5907166145579711
0.5779054778290031
0.5601539234293588
0.6022016781849618
0.6067656020344928
0.5370464931497563
0.5825295803202882
0.5112306321764661
0.5329421611144202
0.5488319070834359
0.5773681525179918
0.5398545871760791
0.5603754677506189
0.5924205507042533
0.5580979521783996
0.5167734193170234
0.5566167849481214
0.5575504622711345
0.5386500909382756
0.5755906028504499
0.5979863808801579
0.5631595347391256
0.5426789535072479
0.5237153141716998
0.5890850179212984
0.5431212681451263
0.5476677816820047
0.5862369554808196
0.5806351252953311
0.585616026310904
0.5783044082685698
0.6020635013167462
0.5437803509587832
0.5754889777383673
0.5292260724642188
0.5756232830653499
0.5839914181141149
0.5239896207906831
0.5763444318679487
0.5765690764475647
0.551122313583077
0.6046285493767214
0.5590255492208804
0.6019508926453113
0.5583590074401471
0.5705394794639065
0.581977629590433
0.5738237514086689
0.5663056297022976
0.5464621472887076
0.5374405405504883
0.547940579096745
0.5501320785251576
0.5820313846061359
0.5950848615886302