0.99249691805405
0.9913365792873525
300
0.6652919203763522
0.6634171094897363
0.6749188863144884
0.6953416993077015
0.6904420654651349
0.6918941387878195
0.6963784294951859
0.6962494937461801
0.6969862471197514
0.6982355848787514
0.7040078184866556
0.7054119267508119
0.6993786505487378
0.7483823816652727
0.7506268687101245
0.7626019154559754
0.7809943718532824
0.7822255944247992
0.7840493054506179
0.8167839372251409
0.7981831636151699
0.8266522621149217
0.8283238627794879
0.8283383719708619
0.8281197288790763
0.8425005289963942
0.8438493585016866
0.8439410328169431
0.8741499529112114
0.8742930857298707
0.8858198300912344
0.8886875843069697
0.8886878194848713
0.8892578294883774
0.904727287834746
0.9089275497280906
0.9219232702197209
0.9229804052512799
0.9228231895397111
0.9334109444199598
0.9331911898291039
0.933223735349553
0.9380896118460456
0.939051125594307
0.939041555929353
0.939533116397056
0.9444894322592958
0.9445634219232397
0.9462209124636314
0.9462640255684014
0.9463769756679267
0.952234359719939
0.9522867814834586
0.9525484306148675
0.9526233773982232
0.9528847863189903
0.9556482750806125
0.956001176528162
0.9560704053041045
0.9559370373254638
0.9569902248622402
0.9605091772077528
0.9613152421999416
0.9642300057437713
0.9643216718452291
0.9641533751400275
0.9645208109947789
0.9652682390202232
0.9661531090763319
0.9662930472351623
0.9673638419966195
0.9673779074330008
0.9678724699740601
0.96716144346628
0.9678897084487748
0.9678901997356566
0.9694307073561429
0.9691017568444555
0.9694166804663809
0.9694578992904268
0.9695528304530341
0.9699333177323787
0.9701866570889707
0.9703914835513514
0.9703915298950377
0.9708476640043003
0.9708394980388177
0.9708756090726929
0.9708046223592113
0.9708462563225896
0.9723708353976157
0.9741791150475041
0.9744150826929262
0.974444561317849
0.9747389122081775
0.9747477292018911
0.9747430397165765
0.9767638339843189
0.9768325809886429
0.9771980606305299
0.9781668166826378
0.9793615911450315
0.9792691431277676
0.979316100604334
0.9798328645830727
0.9799059696036638
0.979990566514905
0.9801795251107487
0.9802662656225786
0.980278325011281
0.9806780648730952
0.9807068913853425
0.9806577290055812
0.9808964123130343
0.9818354637989923
0.9822989116382655
0.9823589003275172
0.9828419336434084
0.9829537398086076
0.9830514860828226
0.9830422665202869
0.9829416797543667
0.9829355033885936
0.9831515098879128
0.9832361607302168
0.9831917924326443
0.983212374653872
0.9831964094302171
0.983192774513875
0.9832194250473475
0.9833574594443548
0.9833640456004722
0.983351711380992
0.9835968111420695
0.9833732651792821
0.9842274242027965
0.9842385260546718
0.9842543522987923
0.9842235219562973
0.9842038074709504
0.9842087910554611
0.9846080727192305
0.9845725999455219
0.9845589715660215
0.984631426555543
0.9846249057759858
0.9846696996297175
0.984961029293161
0.9849614231212476
0.9849701887411777
0.9849221069614624
0.9850208896724573
0.9850309655032778
0.9849793798631603
0.9850720288768726
0.9852396095065076
0.9852338839093093
0.985382846210068
0.9857557879447343
0.9857582565228645
0.9857918477332255
0.9858723938218854
0.9858696732125309
0.9861010986936622
0.9860868642917973
0.9861052155081247
0.9860988763270223
0.9861391508982256
0.9863292382463715
0.98657293323145
0.9867722856981923
0.9867765458594214
0.986775258894899
0.9867831206331801
0.9870671639971689
0.9870763786044985
0.9870572406923693
0.9871244366417188
0.9871025825019888
0.9871188629512693
0.9871363641803094
0.9871512217539544
0.9871468959225314
0.9873332873855833
0.9873377262692054
0.9872325809964295
0.9872973618260183
0.9873985331844843
0.9873237215031434
0.9873139789579263
0.9873719744493012
0.9874893835781917
0.9874893792861346
0.9876345524625534
0.9876575877549975
0.9879571299348006
0.9879520267407356
0.9879508654247102
0.987974016977985
0.9879860784524199
0.9880621595407281
0.9880617128165353
0.9880616020682573
0.988106733928417
0.9881265178878024
0.9881726492061305
0.9881478442300857
0.9881525791624857
0.9883028214672963
0.9882917026727297
0.9883381928527859
0.9884059660329375
0.9884359529927955
0.9884544332264548
0.9884496833753289
0.9885473060893952
0.9885467097086712
0.9884840034146276
0.9885315666188351
0.988525680362481
0.9885271028068527
0.9886342735274862
0.9886011000673558
0.9885758775975303
0.9885748172277731
0.9885790327347699
0.9886362528342816
0.9886085635858431
0.9886092596952554
0.9887279778842553
0.9887330170856314
0.9886921053345548
0.9886927111251033
0.9889230644719774
0.988977752735812
0.9889767535151022
0.9891112147757517
0.9891220026236363
0.9891225874989023
0.9892187794016505
0.989338262403594
0.9894054472581103
0.9893551237502756
0.9893283288298687
0.9893383731450007
0.9893272974303012
0.989345106443215
0.9893490667063441
0.9893710471996338
0.9894353965288218
0.989557150208938
0.989577161511557
0.9895765534718699
0.9896230616215674
0.9896743928613733
0.9897142780785839
0.9896952199222508
0.9897119778400251
0.9898130440713409
0.9898223408403579
0.9898228421429529
0.9898058346084756
0.989771373342697
0.9897775570262487
0.9897604418751594
0.9897598324781649
0.9897653881300065
0.9897646665564048
0.989790915207938
0.9897898487470875
0.9897815275490078
0.9898255800005379
0.9898409449434009
0.9898279296680563
0.989883107553648
0.9898866379114032
0.9898762005034872
0.9898941543566198
0.9899671231786685
0.9900375710163687
0.9900345985797505
0.9900341198914338
0.9900062820367856
0.9900062636207196
0.9900084124331416
0.9899954624956013
0.9899797920531799
0.9899870407021529
0.9899896521621332
0.9899919832832436
0.990030992441518
0.9900257949341437
0.9900045276625002
0.9900706980815979
0.9900642729678821
0.9900766277667549
0.9900768754013123
0.990080784927526
0.9900781763750957
0.990063333934978
200
0.5889892578125
0.5892333984375
0.5888671875
0.6153564453125
0.67236328125
0.62109375
0.6751708984375
0.6917724609375
0.6788330078125
0.6807861328125
0.6676025390625
0.6748046875
0.6917724609375
0.7041015625
0.7442626953125
0.73583984375
0.673828125
0.7811279296875
0.8151855468750001
0.8277587890625
0.822265625
0.8133544921875
0.8312988281249999
0.8837890625
0.87890625
0.8885498046875
0.8824462890625
0.8704833984375
0.8885498046875
0.8812255859375
0.8718261718750001
0.8865966796875
0.8807373046875
0.8947753906249999
0.9041748046875
0.9208984375
0.9178466796875
0.9400634765625
0.9306640625
0.9400634765625
0.93994140625
0.9427490234375
0.9368896484375
0.9521484375
0.9588623046875
0.9580078125
0.953125
0.9566650390625
0.9552001953125
0.95947265625
0.9482421875
0.9576416015625
0.9593505859375
0.9559326171875
0.9564208984375
0.9562988281249999
0.9581298828125
0.9659423828125
0.9677734375
0.9609375
0.9681396484375
0.970703125
0.9654541015625
0.97119140625
0.9621582031249999
0.9573974609375
0.9652099609375
0.9658203125
0.9627685546875
0.9649658203125
0.9680175781249999
0.9666748046875
0.9681396484375
0.9602050781249999
0.9659423828125
0.9703369140625
0.9548339843750001
0.9631347656249999
0.9552001953125
0.9605712890625
0.9631347656249999
0.9659423828125
0.9681396484375
0.9611816406249999
0.9608154296875
0.9698486328125
0.9655761718750001
0.9631347656249999
0.9647216796875
0.9621582031249999
0.9676513671875
0.9718017578125
0.9542236328125
0.9694824218750001
0.9630126953125
0.9644775390625
0.9688720703125
0.9630126953125
0.9603271484375
0.9638671875
0.9616699218750001
0.9581298828125
0.9680175781249999
0.9605712890625
0.9683837890625
0.9655761718750001
0.9691162109375
0.9598388671875
0.9583740234375
0.97119140625
0.9632568359375
0.9674072265625
0.9556884765625
0.96435546875
0.9638671875
0.9613037109375
0.9561767578125
0.9735107421875
0.966796875
0.9713134765625
0.9719238281249999
0.9724121093750001
0.9652099609375
0.9619140625
0.9677734375
0.9685058593750001
0.9562988281249999
0.9722900390625
0.9671630859375
0.96630859375
0.9698486328125
0.9538574218750001
0.9661865234375
0.9641113281249999
0.9724121093750001
0.9637451171875
0.9774169921875
0.9737548828125
0.97216796875
0.97119140625
0.97607421875
0.9753417968750001
0.9659423828125
0.9676513671875
0.9670410156249999
0.9749755859375
0.9616699218750001
0.9735107421875
0.9615478515625
0.9766845703125
0.9742431640625
0.9632568359375
0.9592285156249999
0.96240234375
0.9718017578125
0.9671630859375
0.9719238281249999
0.9714355468750001
0.9676513671875
0.9743652343750001
0.9747314453125
0.97119140625
0.9661865234375
0.96337890625
0.9689941406249999
0.9642333984375
0.97119140625
0.9694824218750001
0.9616699218750001
0.9632568359375
0.9603271484375
0.9685058593750001
0.9688720703125
0.96044921875
0.9597167968750001
0.97119140625
0.96484375
0.9714355468750001
0.9730224609375
0.9752197265625
0.9637451171875
0.9694824218750001
0.9666748046875
0.9649658203125
0.9666748046875
0.9732666015625
0.9703369140625
0.9716796875
0.9583740234375
0.9709472656249999
0.9669189453125
0.9688720703125
0.9660644531249999
0.9705810546875
0.9678955078125
0.9698486328125
0.9694824218750001
0.9725341796875
0.9735107421875
0.9720458984375