1.0
1.0
400
0.36499519749454756
0.3688684592387421
0.3579787403885828
0.36692382741386964
0.3672585380337112
0.45120392786079083
0.4510143315766963
0.47345920951750775
0.47554670593843973
0.4199085100358425
0.4553688159344212
0.45961860594782367
0.4713127917519044
0.4726789429268847
0.47304166691394856
0.4742302980815699
0.4741362720349185
0.47948579333485286
0.5015841096393756
0.5034293046465428
0.5033205872922375
0.5091712634001314
0.5097188690291158
0.5167316509138155
0.5222087146957602
0.542877498447016
0.5445951593740412
0.5667438535706633
0.5680875906199584
0.574849097740562
0.5768245044292636
0.5769163687097152
0.5814686078930442
0.5815824319781999
0.5906440269833991
0.595056613141713
0.5955388517898568
0.6190830652893433
0.6495092172283625
0.6502217370416109
0.6630951048049771
0.6633481561232928
0.6633995328975903
0.6652134523485076
0.6652193831786049
0.6658186232038226
0.6809317450105233
0.6810547790131994
0.6842737700782155
0.686482580615308
0.6866356446846782
0.6902518468286147
0.6977315761715923
0.6990053685061474
0.7086736624159986
0.7142108821723618
0.7162299660185885
0.7168308299222304
0.7246779233123367
0.7258208738894808
0.7267032074346047
0.7270017325854641
0.7379126867490011
0.7385648405277467
0.7482798818608918
0.7490544587886068
0.7495519250423499
0.7515857813865114
0.7619824552807839
0.7622078679194304
0.7895897934554506
0.7919474780223255
0.7952235860729906
0.8229500673582192
0.8554839501859546
0.8616657529175465
0.8652732208377545
0.8654010279078438
0.8653687955490192
0.8654378737283399
0.878684310131767
0.8799418703596937
0.8848495938845553
0.8856867568774494
0.8852770171327045
0.8879199221517884
0.8890574770115451
0.8947159095364813
0.8947690639983159
0.8965787780347111
0.8966657667112936
0.8972817606503498
0.8973003386666258
0.9006665270308716
0.9086478278424914
0.9196275853597682
0.9196776681125685
0.9202347261653945
0.9202226898262451
0.9218345226914197
0.9226651737382132
0.9351332816849142
0.9385010164875403
0.9424655160939146
0.9444664023626164
0.948409349342912
0.9485474965499778
0.9500351245184249
0.9502278670993363
0.9503966735716437
0.9518755049358547
0.9525497680417216
0.9546757528028503
0.9566598747896778
0.9714881615401592
0.9721397429791729
0.9721755380172413
0.9723036603623756
0.9725423822799455
0.972708597728413
0.9749001443816867
0.9796616977351225
0.981219327805557
0.9815167384292345
0.9816672913957194
0.9824760517435392
0.982681570978873
0.983956215884047
0.9845610741022167
0.9857596159980023
0.9860628000709519
0.9863308815881059
0.9865536166416647
0.9866440923834646
0.9866571739822474
0.9878031578249669
0.9879864759663829
0.9881021265124537
0.9881314451552083
0.9881436758333396
0.9881935296160222
0.9881724182039419
0.9882324591991057
0.9882064298345743
0.9882484793914732
0.9882477779301699
0.9883782003261907
0.9890059746453091
0.9890998477806928
0.9892266926894853
0.9893285494211104
0.9894822482056239
0.9894990798498455
0.9895454454550163
0.9894613654682323
0.989741259845845
0.9901108262443614
0.9901133389500281
0.9903145517137953
0.9904907312081029
0.9907445935710653
0.9910577558633116
0.9919786608643811
0.9926533170500456
0.9930525344267085
0.9933098576843559
0.9935341734041545
0.993433265334345
0.9932910218741118
0.993505816882624
0.9935098965608847
0.9935484925769975
0.9935935265774429
0.9936370183469008
0.9937101260848541
0.9937639108586909
0.9937203179333063
0.9938292836417701
0.9938565835233814
0.9940106774063024
0.9940078948810618
0.9940234401717781
0.9942252513270257
0.9942245517578133
0.9942993813922413
0.9943437066519284
0.9943413465744737
0.9943423137692987
0.9944443988219986
0.994444799390959
0.9944959857719758
0.994740907582736
0.9948380770699431
0.9948744290296518
0.9948684272084479
0.9948462228781962
0.9948371122082098
0.994839651300996
0.9949462798440994
0.9950106143914378
0.9950669743244112
0.9950707060973905
0.995096869613172
0.995220920681916
0.995227953367067
0.9952185137284817
0.995185684370221
0.9951681422049907
0.99518330751501
0.9951957904533703
0.9952545452292128
0.9952527319202185
0.9952499521193464
0.9952646280205832
0.9952715714164179
0.9954236673531643
0.9953932829635455
0.9954730942590726
0.9955502759001569
0.9955719504866425
0.995587027779975
0.9955899026518304
0.9955980234241033
0.9955893033819375
0.9955852141754981
0.9956006741938154
0.9956005538653845
0.9955945748270947
0.9955947579793417
0.9954761115504104
0.9952664986933686
0.9952040726640536
0.9951979617274834
0.9952055538775824
0.9952196635930336
0.9952037870243884
0.9951809550352548
0.9955318024418237
0.995570125022134
0.995712012756392
0.9960619876868351
0.9962615792312937
0.9962630095308206
0.9962706388111905
0.9962707289207807
0.996247920738732
0.9961797842786546
0.9961890353701774
0.9961511593443493
0.9961656641912517
0.9961572730542743
0.9962070630964455
0.9962135458296234
0.9962193135133507
0.9962231255223258
0.9962231251743323
0.9962010155464616
0.9962001131795031
0.9961889952450753
0.9962375856915532
0.9962359802520978
0.9962363936997178
0.996224911908666
0.9961773017584759
0.996175300126553
0.9961722550677719
0.9961607455780738
0.996233953587
0.9962306811696037
0.996202555378066
0.9962035372596121
0.9962094932955998
0.9962107757173584
0.9962033930947292
0.9962213583603475
0.9962156742821379
0.9962180186386188
0.9961854482879026
0.9961874872934788
0.9961817051000567
0.9961947308387681
0.9962734744430588
0.996343777395831
0.9963256978468537
0.9963356372896246
0.9963345995630071
0.9963665810066356
0.9963602327234737
0.9963555377575183
0.9963599699644766
0.9963377044946354
0.9963973973420679
0.9963907465413012
0.9963904000424171
0.9963980606631769
0.9964559934301868
0.9965040160887134
0.9964843240424908
0.9965126901996542
0.9965190764433995
0.9965436574476637
0.9965304170051864
0.9965555882755507
0.9965787000342547
0.9965805491129291
0.9964543540065705
0.9964881334774659
0.996468539284882
0.9964663431549952
0.9964600881069312
0.9964705311123792
0.9964584435603989
0.9965247121581808
0.9965349440426807
0.9965350536088906
0.9964755634253462
0.996466081336434
0.9964872545959227
0.996465780705369
0.996469401125897
0.9964553251419959
0.9964476273525652
0.9964499413738208
0.9964486187284708
0.9964899452401983
0.9965128711644715
0.9965545142546525
0.9965543189125441
0.9965544409520046
0.9965275303582962
0.9965288130145077
0.9965390583511695
0.9965215587585926
0.9965002636322592
0.9964964533497014
0.9964989896623933
0.9964906667682103
0.9964915767426099
0.9966300976087785
0.9967186990995842
0.996698549688364
0.9967087209052812
0.9966947842054001
0.9967167808853282
0.9967159882857393
0.9967467796374385
0.9967517156573816
0.9967555862381227
0.9967525565030764
0.9967445824272778
0.996768555931649
0.996770082988419
0.9967784582038893
0.9968141040759291
0.9968055521682793
0.9968016678324563
0.9968124414304944
0.9968136456336782
0.996936039738124
0.9969534696097255
0.9969484454800135
0.9969487799838427
0.9969183313994783
0.9969092376927065
0.9969354976581006
0.9969628804217547
0.9969678479552924
0.9969273724091055
0.9969190243275324
0.9969435261785446
0.9969438179904706
0.996943790050641
0.9969724396376297
0.9969762063256631
0.9969684963350699
0.9969622830999761
0.9969624069396089
0.9969734897834635
0.9969810147899492
0.9969632391002461
0.9969869987588207
0.9969859693636347
0.9969859295720412
0.9969907756894357
0.9969796756248583
0.9969858155209166
0.9969967118787533
0.9970027689976073
0.9970001060994149
0.9970049731859909
0.9970183742965115
0.9970124058012535
0.9970039817892102
0.9969988077557687
0.9969968711210886
0.9969937042183411
0.9969864893439868
0.9969973126773967
0.9970137972981771
0.9970007843595506
400
0.36499519749454756
0.3688684592387421
0.3579787403885828
0.36692382741386964
0.3672585380337112
0.45120392786079083
0.4510143315766963
0.47345920951750775
0.47554670593843973
0.4199085100358425
0.4553688159344212
0.45961860594782367
0.4713127917519044
0.4726789429268847
0.47304166691394856
0.4742302980815699
0.4741362720349185
0.47948579333485286
0.5015841096393756
0.5034293046465428
0.5033205872922375
0.5091712634001314
0.5097188690291158
0.5167316509138155
0.5222087146957602
0.542877498447016
0.5445951593740412
0.5667438535706633
0.5680875906199584
0.574849097740562
0.5768245044292636
0.5769163687097152
0.5814686078930442
0.5815824319781999
0.5906440269833991
0.595056613141713
0.5955388517898568
0.6190830652893433
0.6495092172283625
0.6502217370416109
0.6630951048049771
0.6633481561232928
0.6633995328975903
0.6652134523485076
0.6652193831786049
0.6658186232038226
0.6809317450105233
0.6810547790131994
0.6842737700782155
0.686482580615308
0.6866356446846782
0.6902518468286147
0.6977315761715923
0.6990053685061474
0.7086736624159986
0.7142108821723618
0.7162299660185885
0.7168308299222304
0.7246779233123367
0.7258208738894808
0.7267032074346047
0.7270017325854641
0.7379126867490011
0.7385648405277467
0.7482798818608918
0.7490544587886068
0.7495519250423499
0.7515857813865114
0.7619824552807839
0.7622078679194304
0.7895897934554506
0.7919474780223255
0.7952235860729906
0.8229500673582192
0.8554839501859546
0.8616657529175465
0.8652732208377545
0.8654010279078438
0.8653687955490192
0.8654378737283399
0.878684310131767
0.8799418703596937
0.8848495938845553
0.8856867568774494
0.8852770171327045
0.8879199221517884
0.8890574770115451
0.8947159095364813
0.8947690639983159
0.8965787780347111
0.8966657667112936
0.8972817606503498
0.8973003386666258
0.9006665270308716
0.9086478278424914
0.9196275853597682
0.9196776681125685
0.9202347261653945
0.9202226898262451
0.9218345226914197
0.9226651737382132
0.9351332816849142
0.9385010164875403
0.9424655160939146
0.9444664023626164
0.948409349342912
0.9485474965499778
0.9500351245184249
0.9502278670993363
0.9503966735716437
0.9518755049358547
0.9525497680417216
0.9546757528028503
0.9566598747896778
0.9714881615401592
0.9721397429791729
0.9721755380172413
0.9723036603623756
0.9725423822799455
0.972708597728413
0.9749001443816867
0.9796616977351225
0.981219327805557
0.9815167384292345
0.9816672913957194
0.9824760517435392
0.982681570978873
0.983956215884047
0.9845610741022167
0.9857596159980023
0.9860628000709519
0.9863308815881059
0.9865536166416647
0.9866440923834646
0.9866571739822474
0.9878031578249669
0.9879864759663829
0.9881021265124537
0.9881314451552083
0.9881436758333396
0.9881935296160222
0.9881724182039419
0.9882324591991057
0.9882064298345743
0.9882484793914732
0.9882477779301699
0.9883782003261907
0.9890059746453091
0.9890998477806928
0.9892266926894853
0.9893285494211104
0.9894822482056239
0.9894990798498455
0.9895454454550163
0.9894613654682323
0.989741259845845
0.9901108262443614
0.9901133389500281
0.9903145517137953
0.9904907312081029
0.9907445935710653
0.9910577558633116
0.9919786608643811
0.9926533170500456
0.9930525344267085
0.9933098576843559
0.9935341734041545
0.993433265334345
0.9932910218741118
0.993505816882624
0.9935098965608847
0.9935484925769975
0.9935935265774429
0.9936370183469008
0.9937101260848541
0.9937639108586909
0.9937203179333063
0.9938292836417701
0.9938565835233814
0.9940106774063024
0.9940078948810618
0.9940234401717781
0.9942252513270257
0.9942245517578133
0.9942993813922413
0.9943437066519284
0.9943413465744737
0.9943423137692987
0.9944443988219986
0.994444799390959
0.9944959857719758
0.994740907582736
0.9948380770699431
0.9948744290296518
0.9948684272084479
0.9948462228781962
0.9948371122082098
0.994839651300996
0.9949462798440994
0.9950106143914378
0.9950669743244112
0.9950707060973905
0.995096869613172
0.995220920681916
0.995227953367067
0.9952185137284817
0.995185684370221
0.9951681422049907
0.99518330751501
0.9951957904533703
0.9952545452292128
0.9952527319202185
0.9952499521193464
0.9952646280205832
0.9952715714164179
0.9954236673531643
0.9953932829635455
0.9954730942590726
0.9955502759001569
0.9955719504866425
0.995587027779975
0.9955899026518304
0.9955980234241033
0.9955893033819375
0.9955852141754981
0.9956006741938154
0.9956005538653845
0.9955945748270947
0.9955947579793417
0.9954761115504104
0.9952664986933686
0.9952040726640536
0.9951979617274834
0.9952055538775824
0.9952196635930336
0.9952037870243884
0.9951809550352548
0.9955318024418237
0.995570125022134
0.995712012756392
0.9960619876868351
0.9962615792312937
0.9962630095308206
0.9962706388111905
0.9962707289207807
0.996247920738732
0.9961797842786546
0.9961890353701774
0.9961511593443493
0.9961656641912517
0.9961572730542743
0.9962070630964455
0.9962135458296234
0.9962193135133507
0.9962231255223258
0.9962231251743323
0.9962010155464616
0.9962001131795031
0.9961889952450753
0.9962375856915532
0.9962359802520978
0.9962363936997178
0.996224911908666
0.9961773017584759
0.996175300126553
0.9961722550677719
0.9961607455780738
0.996233953587
0.9962306811696037
0.996202555378066
0.9962035372596121
0.9962094932955998
0.9962107757173584
0.9962033930947292
0.9962213583603475
0.9962156742821379
0.9962180186386188
0.9961854482879026
0.9961874872934788
0.9961817051000567
0.9961947308387681
0.9962734744430588
0.996343777395831
0.9963256978468537
0.9963356372896246
0.9963345995630071
0.9963665810066356
0.9963602327234737
0.9963555377575183
0.9963599699644766
0.9963377044946354
0.9963973973420679
0.9963907465413012
0.9963904000424171
0.9963980606631769
0.9964559934301868
0.9965040160887134
0.9964843240424908
0.9965126901996542
0.9965190764433995
0.9965436574476637
0.9965304170051864
0.9965555882755507
0.9965787000342547
0.9965805491129291
0.9964543540065705
0.9964881334774659
0.996468539284882
0.9964663431549952
0.9964600881069312
0.9964705311123792
0.9964584435603989
0.9965247121581808
0.9965349440426807
0.9965350536088906
0.9964755634253462
0.996466081336434
0.9964872545959227
0.996465780705369
0.996469401125897
0.9964553251419959
0.9964476273525652
0.9964499413738208
0.9964486187284708
0.9964899452401983
0.9965128711644715
0.9965545142546525
0.9965543189125441
0.9965544409520046
0.9965275303582962
0.9965288130145077
0.9965390583511695
0.9965215587585926
0.9965002636322592
0.9964964533497014
0.9964989896623933
0.9964906667682103
0.9964915767426099
0.9966300976087785
0.9967186990995842
0.996698549688364
0.9967087209052812
0.9966947842054001
0.9967167808853282
0.9967159882857393
0.9967467796374385
0.9967517156573816
0.9967555862381227
0.9967525565030764
0.9967445824272778
0.996768555931649
0.996770082988419
0.9967784582038893
0.9968141040759291
0.9968055521682793
0.9968016678324563
0.9968124414304944
0.9968136456336782
0.996936039738124
0.9969534696097255
0.9969484454800135
0.9969487799838427
0.9969183313994783
0.9969092376927065
0.9969354976581006
0.9969628804217547
0.9969678479552924
0.9969273724091055
0.9969190243275324
0.9969435261785446
0.9969438179904706
0.996943790050641
0.9969724396376297
0.9969762063256631
0.9969684963350699
0.9969622830999761
0.9969624069396089
0.9969734897834635
0.9969810147899492
0.9969632391002461
0.9969869987588207
0.9969859693636347
0.9969859295720412
0.9969907756894357
0.9969796756248583
0.9969858155209166
0.9969967118787533
0.9970027689976073
0.9970001060994149
0.9970049731859909
0.9970183742965115
0.9970124058012535
0.9970039817892102
0.9969988077557687
0.9969968711210886
0.9969937042183411
0.9969864893439868
0.9969973126773967
0.9970137972981771
0.9970007843595506