1.0
1.0
400
0.33165837325148473
0.3673989897663319
0.37698452551353523
0.3798899837021859
0.39312154898785007
0.40855449649980496
0.4050978234032013
0.4159857087745912
0.415407757866192
0.4218221393543722
0.41891608142980974
0.4520650502477511
0.4491583771395459
0.4574373589637353
0.4603593696603901
0.4884404735881758
0.4908894289730189
0.5064083087931397
0.5197859698689077
0.5385111262517943
0.5389282770022996
0.539502896481434
0.5434935678932351
0.5454221383719664
0.5448397656260758
0.5570643121015684
0.5562458745729802
0.571192202816136
0.5986750800735215
0.5986119902988517
0.6093730495214491
0.6084431768510141
0.6111470640660295
0.6113194362616141
0.6128046385217244
0.5900636278440439
0.5901729930472118
0.5894724785326688
0.5914672530258764
0.5920192148628259
0.6196893623906689
0.607175966853622
0.6038787247240953
0.6600882094806935
0.6600419456261566
0.6597826506639206
0.6663520521780004
0.6796105564987401
0.6796973449990633
0.7136118991542116
0.7134970454256577
0.7140301910861184
0.7139317821539868
0.7185601715401241
0.7201398856373249
0.7253869021276048
0.7380197644603557
0.7381920831313888
0.7496012248264604
0.7565311161292897
0.7571162378703382
0.7584413589514674
0.7656508871373382
0.7655535884758002
0.7708090078405025
0.7784017983932107
0.7786510665510497
0.7795232926393159
0.780553372460751
0.7828332097339379
0.7822964458544979
0.7840703949144661
0.7818617545583677
0.7756415390976841
0.7767082542863897
0.7777987035307583
0.7886082700860277
0.7883192102654863
0.789452253121548
0.7892749364196159
0.7883664267986172
0.7926769793933292
0.7910681326453015
0.7911403156373932
0.7912919580735146
0.7931101679336369
0.7928412481736398
0.7933064288203268
0.7957280556573351
0.8027756776505834
0.8027307236409768
0.8046000256942747
0.8051934316437509
0.8054181837905505
0.8054771824147436
0.8055880921320194
0.8055858447725215
0.8086037997878441
0.8094865523201122
0.8101840246046171
0.8178573234652988
0.8178875859956419
0.8179964113489971
0.8206067597465798
0.8232209787394869
0.8275229258676117
0.8276557756065209
0.8321742738428581
0.8329468964271751
0.8332231256501247
0.8350049561093447
0.8386724145787303
0.8389231189130265
0.8417355458032715
0.8427908921761683
0.8433981653902293
0.8500662178249231
0.8528921705891916
0.8532061040487652
0.8530843272689108
0.8531717413295288
0.8531109674714871
0.8531104329916475
0.8538647062642637
0.8546573590631712
0.8558416236553525
0.8559557329857777
0.8559575976501632
0.8566695505906184
0.8566741374899486
0.8570404456095218
0.857068790793464
0.857313791118056
0.8585388389228382
0.8600908392312382
0.8612420285934058
0.8630456105306767
0.863177490414632
0.8632697046610838
0.8632661015705
0.8649130603997828
0.864981406308955
0.8666378022120879
0.8676998669565683
0.8676945699774666
0.8664499992822432
0.8674816302879045
0.8688906041779272
0.8691528438537328
0.8693922251882242
0.8701534673783599
0.8701468243024164
0.8728043033865152
0.8732040422374261
0.87321591955763
0.8734498853724737
0.874596049791821
0.8784412289078911
0.8803874864445678
0.8803794953735462
0.880334716589031
0.8807035378679904
0.8807206461502877
0.8812517131580969
0.8810954367292736
0.8812140047461622
0.8849698358860616
0.8904616175223327
0.8906396438037822
0.8906396331197011
0.8961664928962487
0.8962552848445644
0.8969195532955974
0.8990426409251704
0.8990430002470047
0.899364868507932
0.8998339302910127
0.8999491436115676
0.9007979116764552
0.9047791806176726
0.9122034633056381
0.9130306973826566
0.9134055991375812
0.9144810584373172
0.9170474431453277
0.9177248507819805
0.9181915650707622
0.9208835938933612
0.9211791817028385
0.9253044172919342
0.9253163197542013
0.9257168510545017
0.9258058448952026
0.926971726222418
0.9279305859400994
0.9298058608602259
0.9296540083686352
0.9296004630286615
0.9301088659152563
0.9312669359542836
0.9312673259098182
0.9345065110295766
0.934722042744504
0.9370981133277514
0.9364959155539743
0.9401536150056903
0.9431833179749936
0.9458551201717686
0.9470587413998732
0.9475420178621949
0.9484955329135244
0.949321175759914
0.9494554774595712
0.9498357079199742
0.9503089672936137
0.9514257900097856
0.9515546556065873
0.951591517793134
0.9520693017373206
0.9521087137131802
0.9531119910789727
0.953056843112644
0.9563138593756294
0.9566526676635988
0.9567831756764298
0.9568134968211398
0.9580147795760366
0.9584871190661238
0.9585368398263342
0.9595905518895275
0.9614219132378948
0.962176942756045
0.9623279349867156
0.9624992690540459
0.9627577329332728
0.9637521885495527
0.963748441607426
0.9641411008415274
0.9641337250300402
0.9643687930961709
0.9643806151738605
0.9644007321220323
0.9648739669361643
0.9660281886658072
0.9668309264582104
0.9675851241433884
0.9675866889689168
0.9678845810851726
0.968691717616748
0.968650250352729
0.9686171528014759
0.9686003185845173
0.9685834554039909
0.9688198272565391
0.9696512560689192
0.9697526180491
0.970373287016768
0.9704136164593136
0.9706473080837431
0.9706449718562205
0.970815055323509
0.9708714673013471
0.9709025554851798
0.9708824025402393
0.9707751466850502
0.9707744604923988
0.9710019283610503
0.9709762091020699
0.970962225498609
0.9709894083981986
0.9709898264154971
0.9710979964420999
0.9710447975473185
0.9710324619340728
0.971538816025966
0.9717182658679844
0.9719971345889729
0.972057365607853
0.9721787714494466
0.9724603697026823
0.9725649910119766
0.9726166920953622
0.9726085107776109
0.9727257299827398
0.9727945453876147
0.9728020605279802
0.9727834552033456
0.9728041354095982
0.9728124745093822
0.9728080183660788
0.9729590768856677
0.973224031565545
0.9732238719493966
0.9732629201659075
0.9733100810969058
0.9736272156121386
0.9737227282524017
0.9739346879862677
0.9737691086676612
0.974003763831891
0.9739825686901595
0.9746554868324253
0.9747947612475674
0.9748350654575786
0.974824857282803
0.9748478243523181
0.9749525458195769
0.9751337924583315
0.9751515349297942
0.9751480142254523
0.9752078639793186
0.9753135541642062
0.975309848986022
0.9753069987566558
0.9752762258744784
0.9753189651919026
0.9753596770807623
0.9754148372486697
0.9754689445251149
0.9754669411954301
0.9754814417300968
0.9756988469772166
0.9757198990603329
0.9757800420385405
0.9757655682251718
0.9757644634598517
0.9757448080667814
0.9758300589196646
0.9759274220658727
0.9762113175941839
0.9762225755683799
0.9762235824551352
0.9762390901663854
0.9762290232009063
0.976218831894638
0.9762672652330701
0.9762670109161092
0.9762429764695097
0.9762424785860072
0.9762456801792442
0.9762453170335119
0.9762481269004075
0.9762950078614774
0.9763112520066904
0.976351335849791
0.9760642365624395
0.9758940841472356
0.9759307684289321
0.9759667678573112
0.975966157720977
0.9760734078652508
0.9761876707072202
0.9761902379045448
0.9761881300157143
0.9761726245279747
0.9762158928635347
0.9762174408028825
0.9762189090454969
0.9765801052145232
0.9765800614522744
0.9765759946190691
0.9767380887312439
0.9767584901545282
0.9769800877350018
0.9769696734209593
0.9769872498055997
0.9772094815405684
0.9774260284201325
0.9773694216891875
0.9773920330227984
0.9778214992392974
0.9778647189882297
0.9779243395840138
0.9780639631657191
0.9781459480699101
0.9783548462453179
0.9783024096952125
0.9783324328372297
0.9783770089401143
0.9784434710907004
0.9784310709208467
0.9784350323285249
0.9784267163692019
0.9788461021035337
0.9788588412002416
0.9790522905321911
0.9790702522654091
0.9790576974898243
0.9790037494319078
0.9790058352472303
0.9790183802228762
0.9790675483988849
0.9792349636691063
0.9791784536293131
0.9792269738420292
0.9792821964520958
0.9792811961834612
0.9794887628080101
0.9794911678607973
0.9797779287151976
400
0.33165837325148473
0.3673989897663319
0.37698452551353523
0.3798899837021859
0.39312154898785007
0.40855449649980496
0.4050978234032013
0.4159857087745912
0.415407757866192
0.4218221393543722
0.41891608142980974
0.4520650502477511
0.4491583771395459
0.4574373589637353
0.4603593696603901
0.4884404735881758
0.4908894289730189
0.5064083087931397
0.5197859698689077
0.5385111262517943
0.5389282770022996
0.539502896481434
0.5434935678932351
0.5454221383719664
0.5448397656260758
0.5570643121015684
0.5562458745729802
0.571192202816136
0.5986750800735215
0.5986119902988517
0.6093730495214491
0.6084431768510141
0.6111470640660295
0.6113194362616141
0.6128046385217244
0.5900636278440439
0.5901729930472118
0.5894724785326688
0.5914672530258764
0.5920192148628259
0.6196893623906689
0.607175966853622
0.6038787247240953
0.6600882094806935
0.6600419456261566
0.6597826506639206
0.6663520521780004
0.6796105564987401
0.6796973449990633
0.7136118991542116
0.7134970454256577
0.7140301910861184
0.7139317821539868
0.7185601715401241
0.7201398856373249
0.7253869021276048
0.7380197644603557
0.7381920831313888
0.7496012248264604
0.7565311161292897
0.7571162378703382
0.7584413589514674
0.7656508871373382
0.7655535884758002
0.7708090078405025
0.7784017983932107
0.7786510665510497
0.7795232926393159
0.780553372460751
0.7828332097339379
0.7822964458544979
0.7840703949144661
0.7818617545583677
0.7756415390976841
0.7767082542863897
0.7777987035307583
0.7886082700860277
0.7883192102654863
0.789452253121548
0.7892749364196159
0.7883664267986172
0.7926769793933292
0.7910681326453015
0.7911403156373932
0.7912919580735146
0.7931101679336369
0.7928412481736398
0.7933064288203268
0.7957280556573351
0.8027756776505834
0.8027307236409768
0.8046000256942747
0.8051934316437509
0.8054181837905505
0.8054771824147436
0.8055880921320194
0.8055858447725215
0.8086037997878441
0.8094865523201122
0.8101840246046171
0.8178573234652988
0.8178875859956419
0.8179964113489971
0.8206067597465798
0.8232209787394869
0.8275229258676117
0.8276557756065209
0.8321742738428581
0.8329468964271751
0.8332231256501247
0.8350049561093447
0.8386724145787303
0.8389231189130265
0.8417355458032715
0.8427908921761683
0.8433981653902293
0.8500662178249231
0.8528921705891916
0.8532061040487652
0.8530843272689108
0.8531717413295288
0.8531109674714871
0.8531104329916475
0.8538647062642637
0.8546573590631712
0.8558416236553525
0.8559557329857777
0.8559575976501632
0.8566695505906184
0.8566741374899486
0.8570404456095218
0.857068790793464
0.857313791118056
0.8585388389228382
0.8600908392312382
0.8612420285934058
0.8630456105306767
0.863177490414632
0.8632697046610838
0.8632661015705
0.8649130603997828
0.864981406308955
0.8666378022120879
0.8676998669565683
0.8676945699774666
0.8664499992822432
0.8674816302879045
0.8688906041779272
0.8691528438537328
0.8693922251882242
0.8701534673783599
0.8701468243024164
0.8728043033865152
0.8732040422374261
0.87321591955763
0.8734498853724737
0.874596049791821
0.8784412289078911
0.8803874864445678
0.8803794953735462
0.880334716589031
0.8807035378679904
0.8807206461502877
0.8812517131580969
0.8810954367292736
0.8812140047461622
0.8849698358860616
0.8904616175223327
0.8906396438037822
0.8906396331197011
0.8961664928962487
0.8962552848445644
0.8969195532955974
0.8990426409251704
0.8990430002470047
0.899364868507932
0.8998339302910127
0.8999491436115676
0.9007979116764552
0.9047791806176726
0.9122034633056381
0.9130306973826566
0.9134055991375812
0.9144810584373172
0.9170474431453277
0.9177248507819805
0.9181915650707622
0.9208835938933612
0.9211791817028385
0.9253044172919342
0.9253163197542013
0.9257168510545017
0.9258058448952026
0.926971726222418
0.9279305859400994
0.9298058608602259
0.9296540083686352
0.9296004630286615
0.9301088659152563
0.9312669359542836
0.9312673259098182
0.9345065110295766
0.934722042744504
0.9370981133277514
0.9364959155539743
0.9401536150056903
0.9431833179749936
0.9458551201717686
0.9470587413998732
0.9475420178621949
0.9484955329135244
0.949321175759914
0.9494554774595712
0.9498357079199742
0.9503089672936137
0.9514257900097856
0.9515546556065873
0.951591517793134
0.9520693017373206
0.9521087137131802
0.9531119910789727
0.953056843112644
0.9563138593756294
0.9566526676635988
0.9567831756764298
0.9568134968211398
0.9580147795760366
0.9584871190661238
0.9585368398263342
0.9595905518895275
0.9614219132378948
0.962176942756045
0.9623279349867156
0.9624992690540459
0.9627577329332728
0.9637521885495527
0.963748441607426
0.9641411008415274
0.9641337250300402
0.9643687930961709
0.9643806151738605
0.9644007321220323
0.9648739669361643
0.9660281886658072
0.9668309264582104
0.9675851241433884
0.9675866889689168
0.9678845810851726
0.968691717616748
0.968650250352729
0.9686171528014759
0.9686003185845173
0.9685834554039909
0.9688198272565391
0.9696512560689192
0.9697526180491
0.970373287016768
0.9704136164593136
0.9706473080837431
0.9706449718562205
0.970815055323509
0.9708714673013471
0.9709025554851798
0.9708824025402393
0.9707751466850502
0.9707744604923988
0.9710019283610503
0.9709762091020699
0.970962225498609
0.9709894083981986
0.9709898264154971
0.9710979964420999
0.9710447975473185
0.9710324619340728
0.971538816025966
0.9717182658679844
0.9719971345889729
0.972057365607853
0.9721787714494466
0.9724603697026823
0.9725649910119766
0.9726166920953622
0.9726085107776109
0.9727257299827398
0.9727945453876147
0.9728020605279802
0.9727834552033456
0.9728041354095982
0.9728124745093822
0.9728080183660788
0.9729590768856677
0.973224031565545
0.9732238719493966
0.9732629201659075
0.9733100810969058
0.9736272156121386
0.9737227282524017
0.9739346879862677
0.9737691086676612
0.974003763831891
0.9739825686901595
0.9746554868324253
0.9747947612475674
0.9748350654575786
0.974824857282803
0.9748478243523181
0.9749525458195769
0.9751337924583315
0.9751515349297942
0.9751480142254523
0.9752078639793186
0.9753135541642062
0.975309848986022
0.9753069987566558
0.9752762258744784
0.9753189651919026
0.9753596770807623
0.9754148372486697
0.9754689445251149
0.9754669411954301
0.9754814417300968
0.9756988469772166
0.9757198990603329
0.9757800420385405
0.9757655682251718
0.9757644634598517
0.9757448080667814
0.9758300589196646
0.9759274220658727
0.9762113175941839
0.9762225755683799
0.9762235824551352
0.9762390901663854
0.9762290232009063
0.976218831894638
0.9762672652330701
0.9762670109161092
0.9762429764695097
0.9762424785860072
0.9762456801792442
0.9762453170335119
0.9762481269004075
0.9762950078614774
0.9763112520066904
0.976351335849791
0.9760642365624395
0.9758940841472356
0.9759307684289321
0.9759667678573112
0.975966157720977
0.9760734078652508
0.9761876707072202
0.9761902379045448
0.9761881300157143
0.9761726245279747
0.9762158928635347
0.9762174408028825
0.9762189090454969
0.9765801052145232
0.9765800614522744
0.9765759946190691
0.9767380887312439
0.9767584901545282
0.9769800877350018
0.9769696734209593
0.9769872498055997
0.9772094815405684
0.9774260284201325
0.9773694216891875
0.9773920330227984
0.9778214992392974
0.9778647189882297
0.9779243395840138
0.9780639631657191
0.9781459480699101
0.9783548462453179
0.9783024096952125
0.9783324328372297
0.9783770089401143
0.9784434710907004
0.9784310709208467
0.9784350323285249
0.9784267163692019
0.9788461021035337
0.9788588412002416
0.9790522905321911
0.9790702522654091
0.9790576974898243
0.9790037494319078
0.9790058352472303
0.9790183802228762
0.9790675483988849
0.9792349636691063
0.9791784536293131
0.9792269738420292
0.9792821964520958
0.9792811961834612
0.9794887628080101
0.9794911678607973
0.9797779287151976