0.6666
0.666501822332633
200
0.3250381546781556
0.3256355203374408
0.32602291282405993
0.5370941486345883
0.5807808266091771
0.6171860038903559
0.6172256261516864
0.6451959775871395
0.6452260499523289
0.6452823992118819
0.6569270157846918
0.6571683981426925
0.6603153213077259
0.6615359545027953
0.6623648673929515
0.6636981958546774
0.6666197231087347
0.6666197369861117
0.6666138749525716
0.6666140183966486
0.6666093169717207
0.6666305186963506
0.6666298515618377
0.6666304165205191
0.6666533680831479
0.6666533563970037
0.6666572487614341
0.6666618840350036
0.6666614221782698
0.6666662625078201
0.6666665843359977
0.6666665881538159
0.6666665917406801
0.6666654345657723
0.666665699211529
0.666665523104099
0.6666655714724127
0.6666661326872279
0.6666662388676088
0.6666644137436067
0.6666645090944795
0.6666643053095064
0.6666664792527858
0.6666659378483207
0.6666655975122538
0.6666648627957595
0.6666660695298072
0.6666641425595529
0.6666665790091414
0.666666110464048
0.6666654377061938
0.666664560352209
0.6666662320613195
0.6666666544378339
0.6666659971892354
0.6666661523922451
0.6666654868591966
0.6666647616722559
0.6666648118956743
0.6666648041448026
0.6666647965047878
0.6666642825324139
0.666663966726778
0.6666637763583804
0.666663815633755
0.6666656646490459
0.6666650759773842
0.6666650695432857
0.6666645942582076
0.6666642323195405
0.6666643765100264
0.6666635437884104
0.6666629571638928
0.6666618276529812
0.6666632617572839
0.6666632610268672
0.6666651962145852
0.6666663535428664
0.6666663932711127
0.6666665009992145
0.6666657533962544
0.6666656422255469
0.6666656376251445
0.6666645799088872
0.6666643919744977
0.6666632128054563
0.6666627103511262
0.666662704106949
0.6666622786098614
0.6666611598673906
0.6666601275857609
0.6666630580012176
0.6666631275755779
0.6666631603523093
0.6666631545339374
0.6666627854417525
0.6666645288692465
0.6666645808854671
0.6666645752285342
0.6666643583084965
0.6666633453150774
0.6666633398335376
0.6666634674083578
0.6666634621058866
0.6666634568614667
0.666665566002671
0.666665561410392
0.6666655945512271
0.6666664853734748
0.6666662230449094
0.6666662421531836
0.6666662606282898
0.6666662846277229
0.6666662010585875
0.6666661986402885
0.6666655843938627
0.6666663454344728
0.6666664054362458
0.6666665949347833
0.6666663063709737
0.6666661778803024
0.6666665204389398
0.6666663286005692
0.666666085691087
0.6666663285708505
0.6666661356550414
0.6666664860240917
0.6666664881880999
0.666666013873016
0.6666659998588718
0.6666660395757856
0.6666664692126897
0.6666662235953856
0.6666661361633945
0.6666658924889888
0.66666626097779
0.6666660163323308
0.6666657976705952
0.6666656149338941
0.6666661423572835
0.6666661183620138
0.6666658894614645
0.6666658519549168
0.6666658496986548
0.6666656204292455
0.6666661964823328
0.6666662010090291
0.6666665093596524
0.6666662659587623
0.666665988848573
0.6666657264904154
0.6666659380266774
0.666665719943836
0.6666657219803482
0.6666657237933835
0.6666655113452397
0.666665506168016
0.6666661662615856
0.6666657638251644
0.6666656106780079
0.6666650443443753
0.6666643903670021
0.6666644564144963
0.6666637584313203
0.6666639032346485
0.6666653437482131
0.6666653497944299
0.6666652281394134
0.666665468776833
0.6666654305347272
0.6666659762456218
0.666665980163847
0.666665798314808
0.6666658025172024
0.6666663527688541
0.6666661620691497
0.6666664186680377
0.666666221766563
0.6666662157626986
0.6666664491636284
0.6666666365712575
0.666666486563562
0.6666664983821875
0.6666661650025995
0.6666659856301133
0.6666658068294865
0.6666652912414035
0.6666656316999633
0.6666655193916228
0.6666650084612097
0.6666650141394936
0.6666658270981861
0.6666662381485601
0.6666659561881825
0.6666659584696165
0.6666659607245338
0.6666658196866764
0.6666658221067661
0.6666661578817642
0.6666664953358434
200
0.40543397771117873
0.4190151973385779
0.45588446320735565
0.5247253629429687
0.5352653029030969
0.5581823652850326
0.5623781485235329
0.5520899032679261
0.5624522570543193
0.5580533594300607
0.5693900794193997
0.5580286231053028
0.5612627720445211
0.5482109671661852
0.5637578957417139
0.5586746465818792
0.572558710749148
0.577154430928251
0.5657549748652114
0.5583134707507899
0.5568283213672741
0.5735821620938951
0.556322407775892
0.5673400118393872
0.5557794249303967
0.5521447385004873
0.565288485987662
0.5511380992950262
0.5610151488721512
0.5618902298026758
0.5584746784640059
0.5517040540664302
0.5540698498860018
0.5781239172447113
0.5511877496828356
0.5619245799809982
0.5658222977826419
0.5674543634712375
0.5775000603682539
0.5714510432242792
0.570795461296138
0.5743539408680747
0.5676278746651904
0.564938063373763
0.5681088858474823
0.5694332398476524
0.5599950775106257
0.5658567381870772
0.565555022968657
0.5611940553734865
0.5707471221581131
0.563803254054242
0.5682267101113748
0.5627047232129909
0.5567080690376943
0.5669831243484368
0.5526074001428939
0.5562875416379119
0.5533275193494787
0.5672492457136968
0.5628044616814429
0.5573116019545082
0.554447916584063
0.563200557801669
0.5744994736499214
0.5604673243693189
0.5638369604738045
0.5536110486658378
0.5478516261648043
0.5579904520612913
0.566568773823658
0.5588309010495149
0.5639319545629113
0.5592212899070765
0.553396189477399
0.5664261654233413
0.5669445414256515
0.5623220204042157
0.5676085582673291
0.5598418393839923
0.5625316341454021
0.5688561907059537
0.5478019703985184
0.560348597694676
0.5680836985769617
0.5639521276317114
0.576395104242708
0.5684243695683386
0.5560285786531431
0.5634711155227028
0.5683169416543895
0.5668090378801414
0.5767961225878394
0.5645087398122375
0.5679679839951804
0.5610720655806434
0.5848104385098325
0.5695199714087803
0.5696988226226961
0.5615436699976526
0.5641075219188016
0.5569959010913033
0.5703716452460044
0.5737408466638143
0.5683034520922725
0.5771575569504359
0.55837704364377
0.5725941942266265
0.5627039881613898
0.5675513359427743
0.5763724317033777
0.5768015351023887
0.5706343568727533
0.5705832374533633
0.5553087141465664
0.5493825444903683
0.5587469819561605
0.5695209128071831
0.5529679576660156
0.5652286121719418
0.5472272419394263
0.5734089344139142
0.5650930432509486
0.5566007098728661
0.565703114567853
0.5664535391021631
0.563747824686927
0.5694690555347242
0.5509507371790092
0.5654089274565091
0.570871229832945
0.5627968048774394
0.5669228893394147
0.564268299278464
0.5701010246333649
0.5594597273722914
0.5662326888394315
0.5665686395036466
0.5501598878262371
0.5622528752049618
0.5576811794507283
0.5710892453058798
0.5628462501061997
0.5715459741032929
0.5601137784363348
0.5599897479409709
0.5574211976712552
0.5744666578870282
0.5532274422863321
0.5605120693913399
0.5711309605664954
0.55963662116444
0.5675667081414026
0.5610549182128604
0.5803727850370606
0.5619778823008397
0.5734541012818584
0.567835022220477
0.5639838079449235
0.5704697521435744
0.5677114425954619
0.5588020257663678
0.5611414194830198
0.5651092802354211
0.5538131411126983
0.565500790748704
0.5727793336275369
0.5687926720768854
0.578866248190576
0.5668358463114309
0.5609367184860183
0.5692262282663256
0.5692487533561623
0.5529288487611691
0.5633018466118456
0.5632729000209145
0.5697482803124854
0.5648305454789637
0.5633087271473647
0.5491232053105848
0.5687532573885843
0.5692662536857483
0.5835091703823614
0.5683683477026984
0.5624363993759418
0.5633340867225214
0.5723937354910096
0.5697664099235418
0.562960935273199
0.5671980955113058
0.562846374343404
0.557488160353605
0.5595345954702281
0.5636389533266297
0.5664363777178139
0.5603518387590446
0.5536878606094265
0.5645317452552289
0.5632258921210912
0.5661831135188555