0.5
0.4995485613054953
200
0.2974032305183183
0.053730143918181573
0.26602895946713645
0.2899403967928983
0.1702356929366394
0.16545773603162248
0.16436524391928053
0.31854089644435574
0.4381177913034222
0.4252133265847092
0.43397494720774427
0.43545691976591655
0.4359984524157398
0.4798489216757656
0.4832712520425817
0.489324759124903
0.47489145753437884
0.47507260387027345
0.4755233928917292
0.4754166618585874
0.47480620561817777
0.4618878142990912
0.4682013453083401
0.481959130892622
0.4903106567073669
0.49507096152481644
0.4944079935835862
0.49543331749609987
0.495761232846712
0.4987877282730683
0.49884759544191226
0.49961953867963804
0.4999319839514437
0.49992852639017593
0.4999659201783312
0.49997166735907994
0.49991331098871594
0.4999223214918066
0.49991234131312257
0.4999012200258638
0.499998475931312
0.4999670571783853
0.49996983396576256
0.49996535243146367
0.4999673204666728
0.4999406785829529
0.49993097946168663
0.49995101452420493
0.4999516510177071
0.49994933321107854
0.4999533261950006
0.49997870284837714
0.49997323334476096
0.4999708035371767
0.49997687287961645
0.4999673462360891
0.4999690300866121
0.49998176219830076
0.499973714723823
0.4999785501263073
0.4999733779332718
0.49999206693949305
0.4999898738259302
0.49998175887698104
0.4999816614313306
0.4999799240547535
0.4999801070288476
0.4999771233218845
0.49997520660745237
0.4999706772480762
0.4999723885946142
0.4999703608162037
0.499978852906785
0.4999908589637973
0.4999912765525667
0.4999886858130304
0.4999846044074675
0.4999859589700684
0.4999852750687932
0.4999818328310186
0.49998676215341664
0.4999965236184408
0.4999972897436913
0.49999781892249173
0.49999092161163144
0.49998955995910144
0.49999226488573945
0.4999966284175409
0.4999960790261481
0.49999746233208403
0.4999971124797348
0.4999949318194406
0.4999976288355834
0.49999559598569593
0.4999952995166309
0.49999437336187436
0.4999949804753725
0.4999913984692918
0.4999926769659942
0.49998760213400567
0.4999851348224058
0.4999866455880616
0.4999891849125457
0.4999883487243136
0.49998663481760286
0.49998540454899554
0.49999547741548883
0.4999949922553516
0.49999294588737
0.4999913872726621
0.4999907167580255
0.4999868797170008
0.4999902476426644
0.4999913787333222
0.499991209481869
0.4999911147227428
0.49999893144689855
0.4999959163725539
0.49999114017175594
0.49999196129706536
0.49999814140120596
0.4999932974484615
0.4999941861520965
0.4999982572101753
0.4999975537399053
0.499996847633482
0.4999976194714175
0.49999708319074593
0.4999981433665958
0.4999941008745915
0.49999166015282326
0.49999141606899333
0.4999932261471176
0.499994105311257
0.49999464000779803
0.4999920834970445
0.49999636164876315
0.49999469241600764
0.4999956776127771
0.4999965812459007
0.49999596154552095
0.4999990329098902
0.49999758006281275
0.4999969573303755
0.4999986052095851
0.49999707315731656
0.49999807405548746
0.4999978771300111
0.4999994740977747
0.4999995677539279
0.4999979794687131
0.49999462282726426
0.4999968480569839
0.4999938149281933
0.49999199247476095
0.4999909692374137
0.4999930918548613
0.49999924301097276
0.4999994652493026
0.49999946393725136
0.4999997058858811
0.49999672137369555
0.4999956655053891
0.49999658624575555
0.4999967337719055
0.49999672632771036
0.49999614201400644
0.4999964589028876
0.4999965260982855
0.4999965527468063
0.49999621480853496
0.4999962204166307
0.4999938990733779
0.49999430107095255
0.4999934897173399
0.4999940553694843
0.4999949852636618
0.49999592374721347
0.4999977987767681
0.49999643115287185
0.4999952192557069
0.49999391995543296
0.4999944252572301
0.4999921178834174
0.49999887639379104
0.49999608913947535
0.4999997435263413
0.4999996495579412
0.49999796553732256
0.4999956951567686
0.49999616813756254
0.4999992839543653
0.4999969780167167
0.4999991204561346
0.49999944325731377
0.4999983792878293
0.49999771040285557
0.4999966318925377
0.4999941216159475
0.49999456919883334
200
0.4703473754785147
0.46661453038198825
0.4700658201298843
0.4645208809724614
0.44399095323231025
0.4447130584130483
0.43031973961534775
0.4210354242374222
0.42324530099924085
0.4380798684610838
0.3968686438835864
0.45484569826016946
0.4693042793219385
0.4530332404882772
0.465102673949873
0.45196756737974003
0.44774132744160045
0.4564248295434624
0.4540388327332925
0.4556570168276766
0.4489599971643001
0.43288641130481514
0.4220679658491554
0.4118821104490261
0.42137641397431347
0.41976120168151687
0.4627049450749345
0.46830026025748756
0.4775310229477208
0.47841755228023425
0.47438442422533883
0.46048770302404274
0.47342728253763383
0.47977700256605366
0.4865248355025385
0.46967603911920924
0.4782934735530884
0.4766297933178081
0.4805626974087375
0.4764665109831383
0.4780548414179572
0.4735375011244367
0.47800144280733986
0.4697439738454059
0.48492002729879485
0.4683874562714559
0.46985447127451857
0.4751682949703723
0.46356822573977113
0.46636260959390696
0.47426179569407123
0.4745326976136139
0.4800221875709584
0.47732471035922813
0.4782820567777992
0.4783004767519967
0.48123196255008005
0.4588452023967376
0.47095683525727333
0.47622099108269067
0.4622852285704242
0.46612635021558657
0.4737774897778907
0.47934296162236484
0.4718187772089208
0.48675548354501785
0.4891141278513096
0.4751088968531531
0.4835103285377489
0.4751673300555206
0.4691564612444328
0.47463374363898214
0.46771815720094073
0.48547096253482913
0.47035461443543425
0.4666350263222961
0.4717385594423388
0.4750491841923351
0.4724784427093076
0.47507361886599353
0.4639945578630885
0.47190217219925035
0.47502621893961516
0.47023308394977137
0.4756136481736618
0.46826226348533423
0.4652296679851822
0.4792868368117178
0.4696081923960154
0.4692785255991405
0.4789605693691751
0.463442136078402
0.4831458048463473
0.48219391122750016
0.4786578937036057
0.47170263808640406
0.48051553495758337
0.47160659640564145
0.47805311232767334
0.4689549706029176
0.47070687151267054
0.46515341726885706
0.4735848981692449
0.46573297222572185
0.4784050139525621
0.47022271352510814
0.47178872468022653
0.4639933376592593
0.4859846151884615
0.4711741358279185
0.48217488699087585
0.47680010504662446
0.4740000134632997
0.46724070757447334
0.4622676965969046
0.47752305289645947
0.48284265438736046
0.4675477492077196
0.4737906608194128
0.4585533176773033
0.4704451064859898
0.4753143554087016
0.4688440228114634
0.4679373305920796
0.4656603825124277
0.4792698083222907
0.4699649715443317
0.4821294228049997
0.4642682741061913
0.4743494456960804
0.4884521063397875
0.4709639364530981
0.4744502077235832
0.4737593688552718
0.4722001167672241
0.4710335562170714
0.4719403956801248
0.4827361663426065
0.47563488348271515
0.4661816507236722
0.4707838233628916
0.4733875608307352
0.4731265767204495
0.46460858127336213
0.4720833999005444
0.47341626165354894
0.4792246089720282
0.47726119181903737
0.46905419725133285
0.4685774174968356
0.4705783499298893
0.4681595582704365
0.479329963137291
0.4678509870446494
0.48717753882821235
0.47755482858593173
0.48001971510393626
0.4786761990676491
0.46675619702637255
0.4815197088224661
0.46582440075580966
0.48021481905586033
0.4756678949176966
0.47376922414414974
0.47574347597706435
0.48554808737300764
0.4708689056282894
0.477991978866468
0.4872837174286249
0.4689491884120212
0.4599717741022615
0.4751275115443078
0.46998555997031255
0.48020822910672345
0.4781428090130118
0.4694262646106149
0.480831032981492
0.47197176703195054
0.46811862472471305
0.4802324620774924
0.48595473082382507
0.4669068821803153
0.47024171247461743
0.47249228261702547
0.4708722625849152
0.4752895062664839
0.4732407162552845
0.466109863935597
0.4818724798005566
0.4748802326091216
0.4811245065206951
0.47554903027143003
0.4658261820754919
0.47050611764410055
0.48708918190413586
0.47395747505928476
0.46264702878715425
0.4725148662682627
0.47490017011015134
0.4670621242916263