0.75
0.75
200
0.33386407524278466
0.32309093690375656
0.34743824067016693
0.5337281018850707
0.5402707177670427
0.541690390913936
0.6152446051373156
0.728552015444476
0.7343108703627758
0.7367117288499048
0.7406791611159671
0.7406874230018735
0.7408904039073486
0.7414523356235287
0.7419352194158818
0.7422684164631282
0.7424436821664937
0.7427684874347054
0.7428702049125652
0.7431930131404102
0.743320016977764
0.7435964345338901
0.7437412805544474
0.7449900360417702
0.7452470436386354
0.745435211869643
0.745622473601579
0.7461136295977632
0.7467649939613688
0.7467863171534038
0.7472696562012922
0.7476517451525468
0.7476872785562182
0.7477259891144264
0.7478463890616447
0.7478473662776713
0.7478462336699753
0.7478666971772805
0.747887930026086
0.7478882620006714
0.7479923213392685
0.7480320417649884
0.7480552635529645
0.7482800779116777
0.7482844337298293
0.7484519697396911
0.7485020781875006
0.7484997137079312
0.7486547274513609
0.7487340264647667
0.7488206843026701
0.7488240637425775
0.7488240362255086
0.7488262704013756
0.7488262710379866
0.7488247873189926
0.7488843212489225
0.7488899095239202
0.74888884885887
0.7488880492411036
0.7489210383251604
0.7489510014864832
0.7489557481334528
0.7489562432496686
0.7489786951167453
0.7490578421529173
0.7490654547628781
0.749068488811357
0.7490717652128697
0.7490944665409638
0.7490966316884788
0.7491597320536593
0.7491618468693417
0.7492588501281207
0.7493118296764095
0.7493127213667568
0.7493602139453855
0.749403446472129
0.7494062336894303
0.7494142954551825
0.7494413639639023
0.7494414793641908
0.7494795738009903
0.7495144885202011
0.7495465455180103
0.7495568410578731
0.7495854997146544
0.749584387002761
0.7496008491325354
0.7496183193534763
0.7496189798471787
0.7496179047069217
0.7496186333688447
0.7496419631985624
0.7496409596800275
0.7496623941055321
0.7496822914811463
0.7496942422621413
0.7496934562583871
0.7497108661528231
0.7497219849340634
0.7497286984543329
0.7497281207488188
0.749727641682005
0.7497297216513857
0.7497302711606116
0.7497425736002084
0.7497570068101028
0.7497614147188677
0.7497746183921047
0.7497745591600653
0.7497751928199904
0.749782505131059
0.7497906958783743
0.7497942915875093
0.749794235569772
0.7497941674581622
0.7497936606928907
0.7497929515308142
0.7497929334553256
0.7497965173127115
0.7498000185132611
0.7498107201551647
0.7498207926213736
0.7498237250235376
0.7498291362549011
0.7498318551658799
0.7498406181100953
0.7498399519568643
0.7498428047832373
0.7498449129981682
0.7498443414765167
0.7498522949859754
0.7498523644469092
0.7498523252388016
0.749855447983795
0.7498572875894342
0.7498577157398426
0.7498597096047152
0.7498591755059462
0.749866050704435
0.7498731065006263
0.7498749941111796
0.7498761068581958
0.7498767480989341
0.7498794458359905
0.7498804315121792
0.7498799182466263
0.749879310767354
0.7498786758164271
0.749878655068689
0.7498829833363171
0.7498823885665326
0.749885331694356
0.7498847891437211
0.749884298345311
0.7498856257068905
0.7498873516975324
0.7498904524418591
0.749889862508211
0.7498898713999071
0.7498917697050055
0.7498956838436265
0.7499002664620236
0.7499013275425781
0.7499026772004898
0.749902108097392
0.7499030165681401
0.7499040910415449
0.7499043751364087
0.7499043652802938
0.7499072521390449
0.7499082551825638
0.7499082264013682
0.7499085817503349
0.7499102515112973
0.749911454494277
0.7499114910854155
0.7499154504884608
0.7499152065882556
0.7499189478574626
0.74991970521284
0.749919851114808
0.7499231480796806
0.7499231145215497
0.7499231670415449
0.7499265640115529
0.7499265333051474
0.7499297623301292
0.749930693847827
0.7499306543342465
0.7499312868602187
0.7499342780728472
0.749934301157143
0.7499348588057329
0.7499354074097445
0.7499351678325784
0.7499379331333583
0.7499404845089379
0.7499405442048402
200
0.33386407524278466
0.32309093690375656
0.34743824067016693
0.5337281018850707
0.5402707177670427
0.541690390913936
0.6152446051373156
0.728552015444476
0.7343108703627758
0.7367117288499048
0.7406791611159671
0.7406874230018735
0.7408904039073486
0.7414523356235287
0.7419352194158818
0.7422684164631282
0.7424436821664937
0.7427684874347054
0.7428702049125652
0.7431930131404102
0.743320016977764
0.7435964345338901
0.7437412805544474
0.7449900360417702
0.7452470436386354
0.745435211869643
0.745622473601579
0.7461136295977632
0.7467649939613688
0.7467863171534038
0.7472696562012922
0.7476517451525468
0.7476872785562182
0.7477259891144264
0.7478463890616447
0.7478473662776713
0.7478462336699753
0.7478666971772805
0.747887930026086
0.7478882620006714
0.7479923213392685
0.7480320417649884
0.7480552635529645
0.7482800779116777
0.7482844337298293
0.7484519697396911
0.7485020781875006
0.7484997137079312
0.7486547274513609
0.7487340264647667
0.7488206843026701
0.7488240637425775
0.7488240362255086
0.7488262704013756
0.7488262710379866
0.7488247873189926
0.7488843212489225
0.7488899095239202
0.74888884885887
0.7488880492411036
0.7489210383251604
0.7489510014864832
0.7489557481334528
0.7489562432496686
0.7489786951167453
0.7490578421529173
0.7490654547628781
0.749068488811357
0.7490717652128697
0.7490944665409638
0.7490966316884788
0.7491597320536593
0.7491618468693417
0.7492588501281207
0.7493118296764095
0.7493127213667568
0.7493602139453855
0.749403446472129
0.7494062336894303
0.7494142954551825
0.7494413639639023
0.7494414793641908
0.7494795738009903
0.7495144885202011
0.7495465455180103
0.7495568410578731
0.7495854997146544
0.749584387002761
0.7496008491325354
0.7496183193534763
0.7496189798471787
0.7496179047069217
0.7496186333688447
0.7496419631985624
0.7496409596800275
0.7496623941055321
0.7496822914811463
0.7496942422621413
0.7496934562583871
0.7497108661528231
0.7497219849340634
0.7497286984543329
0.7497281207488188
0.749727641682005
0.7497297216513857
0.7497302711606116
0.7497425736002084
0.7497570068101028
0.7497614147188677
0.7497746183921047
0.7497745591600653
0.7497751928199904
0.749782505131059
0.7497906958783743
0.7497942915875093
0.749794235569772
0.7497941674581622
0.7497936606928907
0.7497929515308142
0.7497929334553256
0.7497965173127115
0.7498000185132611
0.7498107201551647
0.7498207926213736
0.7498237250235376
0.7498291362549011
0.7498318551658799
0.7498406181100953
0.7498399519568643
0.7498428047832373
0.7498449129981682
0.7498443414765167
0.7498522949859754
0.7498523644469092
0.7498523252388016
0.749855447983795
0.7498572875894342
0.7498577157398426
0.7498597096047152
0.7498591755059462
0.749866050704435
0.7498731065006263
0.7498749941111796
0.7498761068581958
0.7498767480989341
0.7498794458359905
0.7498804315121792
0.7498799182466263
0.749879310767354
0.7498786758164271
0.749878655068689
0.7498829833363171
0.7498823885665326
0.749885331694356
0.7498847891437211
0.749884298345311
0.7498856257068905
0.7498873516975324
0.7498904524418591
0.749889862508211
0.7498898713999071
0.7498917697050055
0.7498956838436265
0.7499002664620236
0.7499013275425781
0.7499026772004898
0.749902108097392
0.7499030165681401
0.7499040910415449
0.7499043751364087
0.7499043652802938
0.7499072521390449
0.7499082551825638
0.7499082264013682
0.7499085817503349
0.7499102515112973
0.749911454494277
0.7499114910854155
0.7499154504884608
0.7499152065882556
0.7499189478574626
0.74991970521284
0.749919851114808
0.7499231480796806
0.7499231145215497
0.7499231670415449
0.7499265640115529
0.7499265333051474
0.7499297623301292
0.749930693847827
0.7499306543342465
0.7499312868602187
0.7499342780728472
0.749934301157143
0.7499348588057329
0.7499354074097445
0.7499351678325784
0.7499379331333583
0.7499404845089379
0.7499405442048402