0.9999911106531646
0.9993256147661875
200
0.5539823995717399
0.5691398493651303
0.571849762677999
0.5777730210721663
0.7916240432548566
0.7981762115052221
0.9039630317283903
0.9105204271359157
0.9300822112654377
0.9322612344780628
0.9404554950589075
0.9748743271231352
0.9785490881565195
0.9792658734346757
0.9823312270617224
0.9843405343063225
0.9884415828501005
0.9969520601108917
0.9983796213909404
0.9986053043301711
0.9988448394238116
0.9993622374635903
0.9994427875011797
0.9995090488035616
0.9997792114134845
0.9998890707596273
0.9999336667476196
0.9999649485796461
0.9999633348792587
0.9999698712331058
0.999967434688456
0.9999870123890393
0.9999809392207227
0.9999840312566475
0.9999980556061708
0.9999979707162713
0.9999977817511023
0.9999929017388196
0.9999926719086555
0.9999954042860644
0.9999965899958738
0.9999974609926147
0.9999980628371756
0.999998431232005
0.9999952148429979
0.9999948043383928
0.9999961209384193
0.9999957094261721
0.9999951432254928
0.9999953638124455
0.9999989790576812
0.9999991802229659
0.9999991565441745
0.9999992559418014
0.9999993261443165
0.9999964271285683
0.9999960920605181
0.9999915934965011
0.9999911751563596
0.99999836347462
0.999997578892314
0.9999969851109736
0.9999999242240838
0.9999989576144328
0.9999958189430698
0.9999958277648697
0.9999983227819434
0.9999959583951011
0.9999923828656412
0.9999931859866648
0.9999893118468569
0.9999987931454756
0.999998504150337
0.9999986709094847
0.9999964336808473
0.9999970121180686
0.9999972753622856
0.9999952962582224
0.9999952186590324
0.9999975035731534
0.9999972942425409
0.9999974374062492
0.9999952210093468
0.9999972480391335
0.9999966701599986
0.9999951694476558
0.9999955963999525
0.9999959733161896
0.9999963309490825
0.9999943814950042
0.9999924239982212
0.9999948977408724
0.999995449814997
0.9999952940252015
0.9999940856692534
0.9999944566989719
0.9999932361427939
0.9999919425694326
0.9999916618152875
0.9999938901248016
0.9999953889855003
0.9999954556787382
0.9999932528965345
0.9999932102399205
0.9999940225019712
0.9999951113064223
0.9999953730756255
0.999994433196136
0.9999939062598202
0.9999958282552852
0.9999960589068261
0.9999972811497956
0.999996017218682
0.9999960665094463
0.9999968101519389
0.9999966984657886
0.9999962764326763
0.9999986453238989
0.9999987088153626
0.9999985082364102
0.9999990108711002
0.9999993519347756
0.9999993699134038
0.9999995902488745
0.9999984262159368
0.9999989823021637
0.999999326677385
0.9999994535589379
0.9999991975461832
0.9999992335039314
0.9999999810446267
0.9999999962232469
0.9999999934888311
0.9999995474432212
0.9999998055223616
0.9999998060079272
0.9999993666876799
0.9999990594936903
0.9999977777011684
0.9999978140731167
0.9999976844589893
0.9999977156273753
0.9999986234826352
0.9999987290791419
0.9999983714555241
0.9999985521287498
0.999998776437405
0.9999989556888145
0.9999987898591892
0.9999989296466975
0.9999997665443221
0.9999998350065896
0.9999997438887239
0.9999999739748501
0.999999956761107
0.9999997136696168
0.9999996950626395
0.9999998093235041
0.9999998044471774
0.9999998001659709
0.9999998878802981
0.9999998686844982
0.999999554965266
0.9999999990143692
0.9999996852125906
0.9999996132288069
0.9999995223320611
0.9999996310903949
0.9999989882613174
0.9999980395520527
0.9999984489566445
0.9999988696661803
0.9999989523105527
0.9999992678594163
0.9999995003175985
0.9999986413195999
0.9999988131344131
0.9999989361429634
0.9999989408604459
0.9999990524149137
0.9999997574249688
0.9999998159632402
0.9999998134204707
0.999999862945132
0.9999998159164227
0.9999992131953059
0.9999991437718482
0.9999993913892105
0.9999994087816823
0.9999987933960035
0.9999988700798053
0.9999987112857506
0.9999988132841664
0.9999986470865747
0.9999985164740542
0.9999983232855342
0.9999984017423345
0.9999987781349071
0.9999985779292926
0.9999982002820345
200
0.6506347656249999
0.516845703125
0.9165039062499999
0.8674316406249999
0.9294433593750001
0.9896240234375001
0.9261474609375
0.9704589843749999
0.9388427734375001
0.9846191406249999
0.9108886718750001
0.9226074218750001
0.9216308593750001
0.8934326171875
0.9169921875000001
0.9018554687499999
0.9069824218749999
0.9068603515625
0.9123535156250001
0.9284667968750001
0.9191894531249999
0.93212890625
0.9195556640625001
0.9836425781249999
0.9266357421875
0.9230957031249999
0.9240722656249999
0.89208984375
0.9053955078125
0.9069824218750001
0.9317626953125
0.9239501953125
0.9013671875000001
0.9885253906249999
0.9285888671874999
0.9443359375
0.93896484375
0.8807373046875001
0.9410400390624999
0.9200439453125
0.9851074218750001
0.9071044921875001
0.9041748046875
0.9212646484375
0.9273681640625
0.904296875
0.9124755859375
0.9367675781250001
0.9122314453125
0.9329833984375001
0.9935302734375001
0.9736328124999999
0.9211425781250001
0.9218750000000001
0.9362792968750001
0.921875
0.9118652343750001
0.9152832031249999
0.9696044921875
0.9088134765625
0.9400634765625
0.9212646484375001
0.9405517578125001
0.921875
0.9211425781249999
0.9035644531249999
0.8957519531250001
0.9719238281249999
0.9171142578125
0.9744873046875
0.8962402343749999
0.9078369140625001
0.9188232421875001
0.8975830078125
0.9232177734375
0.9938964843749999
0.9697265625000001
0.8923339843750001
0.9014892578125
0.9056396484375
0.9318847656249999
0.93359375
0.9954833984374999
0.9212646484375
0.9143066406249999
0.9853515624999999
0.9114990234375001
0.9426269531250001
0.9217529296875
0.9222412109375
0.9241943359374999
0.9155273437500001
0.9234619140624999
0.9265136718750001
0.9173583984375
0.9257812500000001
0.9855957031249999
0.9304199218750001
0.9713134765625001
0.89013671875
0.93017578125
0.9093017578125
0.9122314453124999
0.9122314453125
0.9351806640625
0.9743652343750001
0.9895019531249999
0.8955078125000001
0.9206542968750001
0.9011230468750001
0.9273681640625
0.9920654296875001
0.9005126953125
0.90673828125
0.9387207031249999
0.9134521484375
0.9078369140625001
0.9194335937499999
0.9094238281249999
0.91796875
0.8995361328125002
0.9035644531249999
0.9066162109375
0.9287109375
0.8988037109375
0.96826171875
0.9259033203125001
0.9040527343750001
0.90625
0.9829101562499999
0.9249267578124999
0.9224853515625
0.9248046874999999
0.9947509765625
0.9343261718750001
0.9207763671874999
0.9257812499999999
0.8941650390625001
0.97802734375
0.9216308593750001
0.9267578125
0.9305419921875001
0.9388427734375
0.9108886718750001
0.9178466796875001
0.9306640625
0.908203125
0.9058837890625001
0.9229736328125001
0.9176025390625
0.9923095703124999
0.9069824218750001
0.9204101562500001
0.8907470703125
0.9222412109375
0.9714355468749999
0.9348144531249999
0.9890136718750001
0.9149169921875
0.9368896484375001
0.9410400390625
0.9299316406249999
0.8887939453124999
0.9688720703125
0.99365234375
0.91796875
0.9703369140625001
0.9002685546875001
0.9197998046874999
0.9263916015625
0.9051513671875
0.9035644531249999
0.9097900390625
0.923828125
0.9787597656249999
0.9250488281250001
0.9183349609374999
0.9226074218750001
0.9906005859375
0.9089355468750001
0.9281005859375001
0.9136962890625
0.9073486328124999
0.9232177734375
0.9824218749999999
0.8951416015625
0.9737548828125
0.9118652343749999
0.93408203125
0.8973388671875
0.9218750000000001
0.9154052734375
0.9219970703125
0.9183349609374999
0.97216796875
0.9039306640625001
0.9222412109374999
0.9206542968750001
0.9100341796875
0.9349365234375