0.6666
0.6663109839060584
200
0.25426167834624386
0.2547998350210969
0.2548498896383569
0.6644069750102931
0.664659457981863
0.6658389555470088
0.666202072332758
0.6661625033670499
0.6660982277276505
0.6664701788007891
0.6665674748508653
0.6665925475190185
0.6665890884381366
0.6666632709007672
0.6666278175040637
0.6666207214015055
0.6666204977340829
0.6666119771997799
0.6666118567276268
0.6666007119757954
0.6666438441370591
0.6666372604632423
0.6666611134426143
0.6666558391317073
0.6666503857669314
0.6666444179059287
0.6666581585726533
0.6666586193657325
0.666653511213193
0.6666555015744648
0.6666617962031499
0.6666557296293207
0.6666490059643188
0.6666447949485248
0.6666461465305938
0.6666473955778958
0.6666540443222174
0.6666560626582023
0.6666636766091806
0.666665410589329
0.6666654728826017
0.6666562615116073
0.6666568088735918
0.6666616288718962
0.6666610083155168
0.6666566320770607
0.6666534349280909
0.6666510846372647
0.66664895232703
0.6666446194122009
0.6666409290364754
0.6666446501625858
0.666651752361647
0.6666491433954992
0.6666464961985135
0.6666476408108116
0.6666465377814916
0.6666428995138198
0.6666431203736057
0.6666432682009786
0.6666502904676919
0.6666615277683912
0.666664006723001
0.666664178386716
0.6666616062688616
0.6666596685281244
0.6666559041271475
0.666656062505953
0.6666552006484343
0.6666547868368694
0.6666547697354414
0.6666546480428573
0.6666537208288873
0.6666574687649865
0.6666544842421553
0.6666608045370945
0.6666565755688414
0.6666612429190002
0.6666625426031406
0.6666634603413445
0.6666665054691033
0.6666635734528225
0.6666636124755362
0.6666640563271381
0.6666596627097732
0.6666566765337457
0.6666579612542459
0.6666585014307286
0.666658500781869
0.6666587252532276
0.6666588377512509
0.6666588971564539
0.6666612266208344
0.6666617823670006
0.6666619091858594
0.666661885672763
0.6666581812057599
0.6666577325918908
0.6666613541459729
0.6666612141736693
0.6666629695408547
0.6666599583906331
0.6666599463007877
0.6666599337631017
0.6666599208119877
0.6666598377615164
0.6666564366521623
0.6666597394111247
0.6666564263498418
0.6666564053833364
0.6666594409426988
0.6666594392847224
0.6666611052167365
0.6666611333499691
0.6666578827289422
0.6666548914865068
0.6666556975705384
0.666659433682064
0.6666594354281935
0.6666609294766241
0.6666616981027204
0.6666620498852676
0.6666659630999017
0.6666659600990477
0.6666656778919587
0.6666633466706356
0.6666636992555963
0.6666631438984211
0.6666631200865991
0.6666633062078086
0.6666627674121695
0.6666627439021285
0.6666647178214875
0.6666641979114925
0.6666641746063163
0.6666616691002636
0.6666614552895331
0.6666613232910614
0.6666587623613355
0.6666563641074184
0.6666603823607784
0.6666603646060792
0.6666579174029713
0.666661383772027
0.6666611128072452
0.6666630000514484
0.6666629147636968
0.666663343690406
0.6666610130027066
0.6666606569384517
0.6666583347487413
0.6666614668257647
0.6666631992508746
0.6666644740496627
0.6666653632826046
0.6666659932533163
0.6666658492840565
0.666666601436467
0.6666660768576522
0.6666665796266437
0.6666666360739468
0.6666657371900943
0.6666643022178013
0.6666650820653582
0.6666648141661824
0.6666639028347976
0.6666626199900477
0.6666633019979972
0.6666655367804737
0.6666662768835929
0.6666662733853447
0.6666664221503817
0.6666659785983093
0.6666648346139646
0.666664257011474
0.6666642680001219
0.6666653582159885
0.6666653399401484
0.6666652808064913
0.6666649992262685
0.6666645151881121
0.6666656313574051
0.6666656152555482
0.6666663008078962
0.6666664423757226
0.6666661583675049
0.6666651183945073
0.6666644728826197
0.6666654793615072
0.6666655278140743
0.6666648153730406
0.6666664296587547
0.6666656179636323
0.666665437995109
0.6666649544494874
0.6666651263456745
0.6666642484296652
0.6666636338370167
0.6666636930020321
0.6666660691481783
200
0.09529316624192713
0.13053920621346196
0.13188150788104352
0.20008131129142953
0.18821881303336233
0.23771424423328408
0.2575869789756464
0.2666539695404639
0.3324660156845584
0.4079738862426585
0.4502993032457987
0.4798674302224696
0.578299246724784
0.5575728740313677
0.5651974535206897
0.5557182740203916
0.5561721094643526
0.5550796212520788
0.5803650399667131
0.5623269487998651
0.5646605103330689
0.5683027630103362
0.5672368184933676
0.5702863677542809
0.5719182273385645
0.5557724497818199
0.5380455532818955
0.5725626184144541
0.5705578339732045
0.5463251818976368
0.5690339689171457
0.583220106268638
0.5318848007595498
0.5432361125805658
0.5948684863331506
0.5902908685964767
0.5678255001141358
0.5664765589026676
0.5665438850451314
0.5285025048964537
0.5736166262651605
0.5336929120138518
0.5488434838396676
0.5865335740431954
0.572459408551244
0.5645464067108528
0.5477496696246115
0.5755611612085263
0.5606989148648938
0.5717278760632272
0.5599415613440566
0.5650180557407216
0.5724405412184026
0.5711234912151977
0.5842733691852162
0.5771591211770141
0.5681548460095747
0.5805161123359841
0.5603427991559334
0.5695676995826557
0.5929072573579921
0.5955311083210505
0.5399981881025608
0.5777334286663557
0.5759897681558649
0.5822591143608502
0.5719625420955514
0.5760120724738218
0.5896003712712632
0.571556440847774
0.5400969792970329
0.5834899173662436
0.5726260839874339
0.5627246360830076
0.566509515542739
0.5682029159013042
0.5833861760409157
0.5680055996989664
0.5746386998289916
0.56716396560461
0.5405237465080683
0.5630235133161103
0.5657699392972863
0.5802059511786497
0.5679804567842108
0.5640784550178699
0.5541841964303971
0.5569678034154406
0.5750301395171966
0.5737330475899242
0.576185805880229
0.5379393037310555
0.558141223184169
0.5841773105621665
0.5681512279730456
0.5771037588523368
0.5560689764665716
0.564367396920324
0.5760310584868091
0.5795520694763278
0.5838550588086602
0.5757384044227699
0.5719923537778212
0.5648581882912813
0.5640286859663102
0.5611778902999498
0.5693075881931735
0.5726839977781601
0.5487965187334887
0.5662819953611941
0.565939477422019
0.589970251557886
0.5809874922179525
0.5742501390140334
0.5702184946194553
0.5841824667493025
0.5649389346464158
0.57001864628295
0.5547122209987465
0.5680465138239121
0.5737666374988386
0.5833971445430927
0.5785242486201314
0.5681309374113572
0.5571558663095413
0.5402825392777554
0.5641440160807325
0.5685758231744356
0.5782719883767011
0.5659491783998545
0.5699719524522132
0.5745771765602279
0.5782266705286649
0.5591137375806787
0.568432039708443
0.5647355009240117
0.5470972530519014
0.5696504895797102
0.570867062416537
0.5599546567176645
0.5743370497785757
0.5699368407710814
0.561913083909754
0.5660913093137023
0.5711677853896457
0.5725876015910897
0.5455796263986579
0.5825278487680472
0.5717595936666996
0.571423295056456
0.56349229665715
0.5635743880504442
0.5797345539541665
0.5783828097465944
0.5611037202534664
0.5896570472430653
0.5668923691612537
0.559560958161489
0.562522802547927
0.5786806819381122
0.578992350303689
0.5690290787721817
0.564008663050529
0.5717876386519651
0.5646704171675951
0.5535766810619042
0.5805047789637655
0.5687734679866259
0.5480422906714673
0.5903263522732822
0.578326168141206
0.5726471931000794
0.5943853637425001
0.5426468420896602
0.5671759040489086
0.5664256119151916
0.5796056843957574
0.5645817910710355
0.5708829577984531
0.5588600827634591
0.5702286312976369
0.5366398118648876
0.5642237804309851
0.5777534541781918
0.5668368113049206
0.5686424959910275
0.5671783864339375
0.57026802752563
0.5840314831685729
0.5707455605012616
0.5587544842371686
0.5555089196276004
0.5810326315558857
0.5822018208024017
0.5769839282903694
0.5794873548826985
0.5416788691674377
0.5475955306600089
0.5535903750561293
0.5834707499047618