0.5
0.49999999999999994
100
0.49999999999999983
0.49999999999999983
0.49999999999999994
0.4999999999999999
0.4999999999999999
0.4999999999999999
0.4999999999999999
0.5000000000000001
0.4999999999999999
0.49999999999999994
0.4999999999999999
0.49999999999999983
0.4999999999999999
0.5
0.4999999999999997
0.49999999999999983
0.49999999999999983
0.5
0.5000000000000002
0.4999999999999999
0.4999999999999999
0.49999999999999994
0.49999999999999967
0.49999999999999967
0.5
0.5000000000000002
0.49999999999999983
0.5000000000000002
0.5000000000000002
0.49999999999999983
0.4999999999999999
0.5000000000000001
0.49999999999999967
0.49999999999999983
0.49999999999999994
0.5000000000000001
0.4999999999999999
0.49999999999999967
0.5
0.5
0.49999999999999983
0.5000000000000001
0.5000000000000001
0.5000000000000001
0.5000000000000001
0.5000000000000001
0.5000000000000001
0.5000000000000001
0.5
0.5000000000000002
0.49999999999999944
0.5000000000000001
0.49999999999999967
0.5000000000000004
0.49999999999999956
0.5
0.4999999999999999
0.5000000000000002
0.5000000000000002
0.5
0.5
0.5
0.49999999999999967
0.49999999999999983
0.49999999999999983
0.49999999999999983
0.49999999999999983
0.5
0.49999999999999994
0.49999999999999983
0.5000000000000003
0.49999999999999967
0.49999999999999983
0.4999999999999999
0.49999999999999994
0.4999999999999999
0.4999999999999999
0.5
0.5000000000000003
0.5000000000000003
0.49999999999999967
0.49999999999999967
0.5000000000000001
0.49999999999999994
0.49999999999999994
0.5000000000000002
0.4999999999999996
0.5000000000000001
0.5000000000000001
0.49999999999999994
0.4999999999999997
0.49999999999999994
0.4999999999999999
0.5000000000000001
0.5000000000000001
0.49999999999999983
0.49999999999999983
0.5000000000000001
0.5000000000000001
0.5000000000000001
100
0.4244331871073281
0.41026576822223493
0.40713290512710854
0.42265729111743405
0.41352569347512064
0.427625168110794
0.4204061108041355
0.404917059622967
0.4132546139364989
0.4188557480985191
0.3979251212212385
0.41940240185906275
0.4003978027638712
0.41546361314827307
0.425782950299369
0.40229047885703695
0.4185394058126512
0.4125590654976764
0.4089455066735391
0.4160453350122186
0.41749788557957696
0.41075056555660744
0.39404008186656053
0.4062433255759425
0.4199581790051211
0.4223157285781899
0.4107382351833881
0.40253669833967054
0.41107954379507405
0.3964891461681701
0.4083356701794923
0.40686817930887076
0.4051278479849735
0.393870723523262
0.41447065862148713
0.4092454599526992
0.4259834568798924
0.4191979616544719
0.4138929579376933
0.40489190567844074
0.3992322703727488
0.3808438478307481
0.4096938581097694
0.4111191338678949
0.40590897394419057
0.43307351705665037
0.41361395539132173
0.3917593410496056
0.4021244107257329
0.3956895012850276
0.4018776753590784
0.3973880794772462
0.4170709759376387
0.38801733033779234
0.40505204416682317
0.4211589301280673
0.4013865079226411
0.39718046974065974
0.4180055279810837
0.41266133822862805
0.413033960028156
0.4364159160752345
0.4024373455733424
0.4236100217869591
0.41941259862731667
0.4059318265434771
0.4114129944353786
0.3956932811697283
0.41856234616554866
0.40730920608720417
0.3924646453126906
0.4087414437254187
0.40944109652022737
0.4249168313922025
0.4312286519926959
0.4159198542650826
0.41509092012596277
0.41574452080166396
0.39804037107048845
0.40317616252435157
0.42139118289313154
0.411338788376412
0.4284307524116006
0.4202017198218547
0.40741299750866733
0.4002445444968808
0.3988024449166144
0.41142814654173726
0.42331954640552055
0.42704359665215996
0.4201501346498694
0.40142719693721857
0.433540079279986
0.3999126870289638
0.4165758184648051
0.4182595857994014
0.4064764237954254
0.4137058493833864
0.3959720088928531
0.4000534346511256