1.0
0.9995263094711919
200
0.5769363417384028
0.8289938419800214
0.8320595561535991
0.8320836415879839
0.8346053145692279
0.8685896799044137
0.9849216631035994
0.9784100837467988
0.9814175335309989
0.9940518317520127
0.9993569605573253
0.999355925413289
0.9993545973866218
0.9995549451630888
0.9996672349731265
0.9999551311161673
0.9999799023286999
0.9999557685177851
0.999953748686927
0.9999370488846104
0.999923727589755
0.9999222422544594
0.9999673673057731
0.9999680444602186
0.9999987922192282
0.9999946351254516
0.9999981503075976
0.9999902487385652
0.9999915942524321
0.9999971334476543
0.9999843214336585
0.9999910212029389
0.9999970547506651
0.9999865361708464
0.999986477723274
0.9999904027227984
0.9999955993476644
0.9999994909022346
0.9999923072975848
0.9999955543021862
0.9999865525194629
0.9999791889177104
0.9999922006223628
0.9999831865934323
0.9999855803912595
0.99997703564228
0.9999699735926623
0.9999751560095211
0.9999801354493381
0.9999838801648482
0.9999836095030327
0.9999835380584983
0.9999762730635707
0.9999760106739563
0.9999746677679586
0.9999740480667085
0.9999747331469335
0.9999791834556633
0.9999796057028626
0.9999734592795723
0.9999735730648003
0.9999685387264377
0.9999685729618543
0.9999687919054939
0.9999689223179087
0.9999651894923174
0.999968388736178
0.9999729697693636
0.9999733233202085
0.9999733086202633
0.999975057319918
0.9999750778413191
0.9999750983030649
0.9999782928907025
0.999994557083318
0.9999946003530981
0.9999946371412162
0.999996075578694
0.9999973846456538
0.9999942380724666
0.9999941224310045
0.9999902158412326
0.9999901991087161
0.9999901787676155
0.9999957853562798
0.9999982301563862
0.9999986356046275
0.9999980790421198
0.9999992471159644
0.999995831749187
0.9999960503740022
0.9999964812482115
0.9999964633077146
0.9999964538752878
0.9999930213764271
0.9999929897252209
0.9999931101687508
0.9999965230486453
0.9999973268035026
0.9999969380312256
0.9999976347734931
0.9999976298069209
0.9999994742230173
0.9999996529310984
0.9999976834501858
0.9999946115845215
0.999991233745706
0.9999879607130465
0.9999880877675884
0.9999903850883746
0.9999920395442438
0.9999888347238927
0.9999896772276208
0.999992253857409
0.9999924537487075
0.999989378144837
0.9999867038169746
0.9999841164845193
0.9999867685107917
0.9999963099437547
0.9999962875086992
0.9999963442426535
0.9999938100537554
0.9999977912926581
0.9999955696048473
0.9999928470182303
0.9999940424127893
0.9999913259162718
0.9999885533652164
0.9999859168160166
0.9999883047807587
0.9999859140745092
0.9999972206330194
0.9999947961380643
0.9999961206009119
0.9999938022284134
0.9999981469075074
0.9999969162760806
0.9999946571894065
0.9999924699240172
0.9999954818461558
0.9999930440045282
0.9999908555705449
0.9999979698937196
0.9999993968875422
0.9999994221693133
0.999999611501349
0.9999996918000711
0.9999991150483126
0.9999990901265079
0.9999992649847729
0.999997512782622
0.9999974853344197
0.9999990443340319
0.9999999442007483
0.9999999562442882
0.9999999278153495
0.9999997421465878
0.9999996314773307
0.9999987223932694
0.9999985656325355
0.9999996089164588
0.9999997077867674
0.99999978088054
0.9999998355418778
0.9999998184260714
0.9999998651451353
0.9999998001110708
0.9999997138972733
0.9999996114420665
0.9999998432476578
0.9999997569317519
0.9999998899821754
0.9999998944034523
0.9999993858860188
0.9999984695087933
0.999998518997358
0.9999985629563447
0.9999986230947205
0.9999986791451253
0.9999987313038613
0.9999987319300488
0.9999987634725493
0.999999626610323
0.9999998374649427
0.9999991200817204
0.9999992881814544
0.9999979198807621
0.9999978979968916
0.999996580171562
0.9999978436305621
0.9999980118878605
0.9999982400635955
0.9999967194891053
0.9999952435247037
0.9999937369321805
0.9999959940026591
0.9999943001492039
0.9999944723005483
0.9999958107700686
200
0.5401316876744494
0.5542500709974706
0.8376212804970756
0.8819750754427893
0.9464501398862317
0.9505284504011189
0.9548625977345515
0.9585072401393435
0.9558506386482973
0.9365870734133576
0.9412387731727213
0.9630774391195895
0.9715327677438449
0.9656738120729002
0.9452908015076118
0.9644860668561717
0.9451827445554467
0.9391300569858494
0.9281907129548442
0.9332477726124102
0.9546237197402266
0.9642125276038331
0.9574267867186297
0.961303227681532
0.9580004047311115
0.961447700292406
0.9678250942579044
0.9666387658503071
0.9618962704882468
0.9755322881909724
0.9564759630213318
0.9723008733837867
0.9774231571139419
0.9503169593161668
0.9644170971878195
0.9681163607402992
0.9606347177921645
0.9567931076244343
0.9492318079368077
0.9658855512260447
0.9573439635771535
0.9518185413052239
0.9666784544736525
0.9583547667741074
0.9622462860804734
0.9606269013370485
0.968108772282608
0.9488496384863553
0.9597049975048927
0.9705049004797959
0.9535409363054914
0.9601872023141589
0.9739517479841422
0.970199064697626
0.9632829792111295
0.958431649345194
0.9666541332359204
0.953984959608269
0.9597065362702205
0.9717506975282324
0.9621583122173382
0.9688985539065137
0.9511592424692243
0.9773587833705533
0.9533326928865922
0.9725346497690953
0.9683082813320069
0.9533006602569936
0.9779778893984239
0.9645355717243592
0.9666337847740003
0.9625690039298002
0.9704175825306602
0.9651225339004734
0.9657086650560592
0.9664192250643355
0.9638172706132595
0.9619066464534191
0.9747174454363249
0.9630991860754402
0.9666910233841661
0.9610558771393115
0.9641588710648014
0.9542941523671447
0.9567193682985193
0.9635490076702167
0.9629473322025974
0.9662559502252699
0.9576627395117351
0.9577281348781392
0.9609014749271596
0.9626011504792581
0.9718889564587768
0.9736425978637359
0.9655054961261298
0.9718359207894018
0.9601256797024439
0.9557812942261087
0.96509000003939
0.9725454491454887
0.9567156005596493
0.9592362630436694
0.9647191284972477
0.9673644347511485
0.9681378416810082
0.9564264711884873
0.9524865441974802
0.9623849323656113
0.9576636831675828
0.9652360930830839
0.9688201919952508
0.955288863636757
0.9692598465529324
0.9679677937085134
0.9682694612001362
0.9726435393702154
0.9700391780597541
0.9523289910647263
0.9603119447762782
0.9679266407560503
0.9594496607413052
0.9654978930804048
0.9742066806766783
0.9728470384989802
0.9712971672208224
0.9594922160840368
0.9456565896806671
0.9745554088439145
0.9654227101531307
0.9628635787973967
0.9691659751823405
0.9561297468815426
0.9683101724862684
0.9548931892579188
0.9634847876539001
0.9685592022618628
0.9568078996169875
0.9474043385254041
0.9665068286069026
0.967435230228785
0.9603134152686407
0.9561711466205356
0.9482113997273537
0.9705847525623428
0.9701025999557968
0.9477890850090022
0.9717505648484679
0.964675244212543
0.9677781586684329
0.9661822527449664
0.9633442561755218
0.9494051253999981
0.9728070301127407
0.969903990729364
0.9526654737341032
0.9675887727396408
0.9689791579690188
0.9511403300483091
0.9665368492312328
0.9711241050294213
0.9739755849389056
0.970024403420491
0.9683053692806208
0.9658989698381526
0.9587829820246883
0.9586254388530182
0.9580289571306533
0.9652902032844877
0.9662265801732861
0.9631066536925879
0.9638934567363423
0.9740175071491288
0.9559808274721754
0.9543992481243813
0.9673364091512828
0.9657801971445317
0.9481698181274926
0.9574603646393336
0.9474998607071675
0.9629088856393471
0.9651643919206019
0.9542447798523341
0.9531680431869601
0.9563884720506874
0.9694736789792919
0.9515974408191622
0.9618389759274405
0.9550362799749406
0.9716330944853493
0.9761142521181388
0.9670879519235297
0.9547261914265655
0.9573273791548605
0.9635205276864411
0.9620629704398536
0.9576486435233011
0.9546043160925018
0.9633759444303693
0.9751369179396915
0.9583956698651962