1.0
0.9850960055016332
200
0.3794772326855505
0.48040406578405515
0.5315919133475088
0.4869126213772877
0.486604439005256
0.48673705669042944
0.5082931318794439
0.5990950040220904
0.6221627225993194
0.6224782159126857
0.6452699166116737
0.646669097497796
0.6720925413792074
0.6802751319654464
0.6806796751906266
0.6809987283359051
0.8373092979191255
0.9211191904067924
0.9250809886947904
0.9257210608305777
0.9250361051885394
0.9245291054177981
0.9420598581979833
0.9264688811734787
0.9527682135670887
0.9539412088252416
0.9540230711919355
0.9540599406468487
0.9580904639614007
0.9570846077752915
0.9566251855548337
0.966515066376696
0.9579884600855979
0.95479247078044
0.955210725062689
0.9547995604611194
0.957287810101498
0.9662925353138618
0.9666682866233135
0.966690064772938
0.9665301065754673
0.9785184229014949
0.9803730551507951
0.9804261030513534
0.9805619128847822
0.9817936536344097
0.98329613074659
0.9856791583799861
0.9863373014290697
0.9863030850719192
0.9862008611546702
0.9862564796323345
0.9866859668194643
0.9880145354460717
0.9879478242270637
0.9905204707578505
0.9914663313526463
0.9922616815118084
0.992565255192088
0.9932803788144278
0.9936012840048162
0.9935982819702907
0.9938406890425913
0.9938478565201984
0.9938578112355627
0.9946011629364645
0.9946651460538033
0.994628776389141
0.9960121688391902
0.9960262027584061
0.9961544794767961
0.99608022706131
0.9962064051281538
0.9961993751789213
0.9962125718192997
0.9965635669454329
0.9976498047956744
0.997596170852115
0.9975381724956627
0.9975629087213942
0.997807900920247
0.9978097067867845
0.9977944903862204
0.9978554997726714
0.9978575024857885
0.9979727852679355
0.997969447217197
0.9979902163430677
0.997955988440278
0.9977728159188901
0.9980159031028584
0.9980240719977201
0.9980436839958126
0.9980175810795866
0.9979314578029215
0.9979972535173024
0.9980002044417149
0.9981154118754456
0.9980944362488777
0.998145511456569
0.9981093168092408
0.998110020815397
0.9981939001456308
0.9981992357634394
0.998206574712946
0.9981968213305364
0.9981817456205605
0.9981667546053381
0.9982533618621376
0.9982098949685703
0.9982113637424921
0.9983208054210995
0.9983138285250871
0.9983436689647202
0.9983887209841454
0.998481822009547
0.998510356280109
0.9985026208213708
0.9985284007856229
0.9985575182989179
0.9984722147742866
0.9984629009443549
0.9984619631483569
0.9985076355134503
0.9985185048297154
0.9985793820029089
0.9985794520351039
0.9986443535783662
0.9986623918338642
0.9986838035135588
0.9986940121336735
0.9987352830793634
0.9988357569521066
0.9989332621465717
0.9990205700242086
0.9989574390263617
0.9989320197263246
0.9989491630641505
0.9989508244199719
0.9989835734855493
0.9990721048254544
0.9990964988404564
0.9990969552029092
0.9990956532224586
0.9990698847936198
0.999067026169963
0.9990702475451957
0.9990783449095845
0.9991038522552664
0.9991037844255957
0.9991478808855049
0.9991386683652852
0.9991406591788687
0.9990994183730153
0.9990979713655975
0.9990958386611147
0.9990839062523207
0.9990857157797912
0.9990808005141103
0.9991052601622156
0.9991098510326447
0.9991232169595845
0.9991442288450116
0.9991611738766618
0.9991734583757198
0.9991653848220331
0.9991297327954444
0.9991482753329366
0.999148443840767
0.9991830175645438
0.9991943790655742
0.9992655627213266
0.9992738501205706
0.9992750909006445
0.9993147458705692
0.9993273129512958
0.9993566528804796
0.9993563722064116
0.9993461186758374
0.9993412482968937
0.9993974236947377
0.9993934697208636
0.9993906728345381
0.9993970398003497
0.9994285299646413
0.9994178152058747
0.9994044108715209
0.9994059459502304
0.9993743543021696
0.9993744458510077
0.9993713365664127
0.9993827325855962
0.9994320741813713
0.9994573760943073
0.9994171979736928
0.9994602341504912
0.9994569329852494
0.9994357597907247
0.9994361137091319
0.999435841266062
200
0.3917423723631781
0.434321922670655
0.5567568216786021
0.5810744472696031
0.5712588859728757
0.612483718549077
0.6521535602612798
0.6379432955112444
0.6240121236306462
0.7041489870016692
0.6839140902887042
0.6818155330942393
0.7677437912872943
0.7774958331159825
0.729337567449957
0.7717402897444293
0.7040329527736292
0.7280634910518673
0.731948953277972
0.7143743704348128
0.7624306376038511
0.6059250021555899
0.7059055809523239
0.6919342733885047
0.7600228324242415
0.7355157497805221
0.7025487788396051
0.6945982921881019
0.6979269402782929
0.7763753504882286
0.7877311066266452
0.7900673681889967
0.7806935457972877
0.7554423531554912
0.7661624522297714
0.7827615624370574
0.7266058568089626
0.7502726918041847
0.7934337408990328
0.7696029257020183
0.8010241215638738
0.7548498818779675
0.8194893585586304
0.8131217597537568
0.8047467478175183
0.8836322546337498
0.8170584177590386
0.7934191378070258
0.8092574137576184
0.7750594329605408
0.8010922590102489
0.8210567066915606
0.881764211077946
0.8582705685114638
0.8417949248882997
0.84158144681116
0.8237069704268232
0.8067496561086847
0.8067428439618202
0.8146083226730569
0.8245044493729611
0.8753682167731844
0.8182771912481617
0.8429049199819901
0.8711933845553006
0.8057348309972658
0.8001146946740032
0.8502491418560024
0.8530005125485816
0.8174742107294496
0.8392330872183238
0.8427171610153197
0.8765647511540678
0.7894930135352467
0.8592403699681952
0.8057110474543316
0.8009014709974374
0.8491767306653597
0.7794904287277737
0.8791275950906887
0.852920982490761
0.7843354883678976
0.8064627068079142
0.8607457821137889
0.8616102960817289
0.860723674114819
0.8927544144897028
0.829477824521504
0.8533115074541956
0.8233020821496312
0.8839617121314403
0.8304289028752592
0.8562190676236883
0.8473737434322991
0.8619117134909544
0.8407299098962044
0.8076441798819776
0.8098233548185307
0.7907278384883069
0.833840913696035
0.823822554775442
0.8678053216607462
0.8221563080868917
0.798452723772009
0.8576897951706927
0.7917144384391476
0.7783442513573415
0.8222961487350816
0.8030831874459932
0.7780944656938824
0.7838540306776749
0.8189350252194327
0.8081559413588311
0.8893501025504762
0.8284476047496737
0.868210288768577
0.8194029921892989
0.7912790378876653
0.8265695863198326
0.8075254703425301
0.7812493892298893
0.8164018815918558
0.7861125071469811
0.7892090630463253
0.8198575151474461
0.8323113035424983
0.8938763227510543
0.829213221300007
0.8290174053140322
0.7702817072439915
0.8091013006395056
0.8266407841861496
0.8275565717020599
0.8683263039061775
0.8673273184485608
0.8098219063732492
0.8895036638285685
0.8878992520508979
0.8192984103027933
0.851294749487428
0.8307138264629025
0.848164637762469
0.8692432589232681
0.7858112728068096
0.8482376990057364
0.813041864798829
0.8053232737067932
0.8274883797706775
0.8555680372125429
0.819411488458402
0.860967844932486
0.7875097383267964
0.8822829737663702
0.889411124639155
0.8629668942773118
0.8679445119654414
0.8938055853740083
0.8428868653851647
0.852225736430005
0.8175530064824427
0.803877259787132
0.825082045869962
0.8024421482613515
0.8502255626838985
0.8307651002190465
0.8390617328352695
0.8349444852463929
0.8269620989583857
0.8223528910397908
0.802490373074281
0.8127628851880927
0.8179353853936466
0.8374607125230358
0.8293614769221584
0.8371098622487266
0.9080719012987972
0.8939439902239469
0.8859701225897993
0.8436818123780822
0.8647742669208234
0.8257312729618793
0.8324753647465148
0.8492500515675455
0.8723083556686222
0.8405879310219184
0.8383378838449597
0.8086641398996222
0.8329561679620243
0.853162420888416
0.8655244788299634
0.8809314468857762
0.8464871607494903
0.869910925230386
0.825451846576867
0.8442424929817038
0.8145902917195484
0.8488634738178754
0.8317295091712067
0.8300346420606592
0.8403329865967987